COMPONENT 1
Central weak order
13 > 33 > 34 > 11 > 9 > 1 > 12 > {18 39} > 15 > 5 > {7 42} > {6 30} > {25 40} > {24 26} > 21 > {20 37 38} > {3 29} > 16 > 22 > 8 > {2 17} > 14 > 28 > 35 > {10 23} > 19 > 41 > 31 > 36 > 27 > 32 > 4
Weight
0.571
Pairwise count matrix
  285.5    571    571    571  565.5    570    569    571    140    571   64.5    414      4    571  552.5    571    571    515    571    571    571    571    571    571    571    571    571    571    571  569.5    571    571     10     25    571    571    571    571    518    571    571    570
      0  285.5    2.5    571      0      0      0  125.5      0    565      0      0      0    448      0     20  293.5      0    570    0.5      0     57    564      0      0      0    571  515.5      6      0    571    571      0      0    550    571      0      1      0      0  570.5      0
      0  568.5  285.5    571      0      0      0  548.5      0    571      0      0      0    570      0    458    567      0    571  104.5     25  520.5    571    7.5    1.5      4    571    571    297      0    571    571      0      0    571    571     88   98.5      0    0.5    571      0
      0      0      0  285.5      0      0      0      0      0      0      0      0      0      0      0      0      0      0      0      0      0      0      1      0      0      0  108.5      0      0      0     19    209      0      0      0   46.5      0      0      0      0    4.5      0
    5.5    571    571    571  285.5    532    441    571    2.5    571    0.5   17.5      0    571    141    571    571     51    571    571    571    571    571    571  565.5  570.5    571    571    571    534    571    571      0    0.5    571    571    571    571     57  564.5    571  448.5
      1    571    571    571     39  285.5  107.5    571      0    571      0    1.5      0    571     15    571    571      4    571    571    568    571    571  555.5    485    552    571    571    571  279.5    571    571      0      0    571    571  569.5  570.5    5.5    481    571   99.5
      2    571    571    571    130  463.5  285.5    571      0    571      0    5.5      0    571   50.5    571    571     14    571    571  569.5    571    571  569.5    553  568.5    571    571    571    465    571    571      0      0    571    571    571    571     19    556    571  281.5
      0  445.5   22.5    571      0      0      0  285.5      0  570.5      0      0      0    533      0   75.5  464.5      0    571    5.5      1    156    570      0      0      0    571  557.5   22.5      0    571    571      0      0    564    571    3.5      6      0      0    571      0
    431    571    571    571  568.5    571    571    571  285.5    571    157  503.5   10.5    571  564.5    571    571  543.5    571    571    571    571    571    571    571    571    571    571    571    571    571    571     25     68    571    571    571    571    552    571    571  570.5
      0      6      0    571      0      0      0    0.5      0  285.5      0      0      0     30      0      0    7.5      0  463.5      0      0    1.5    288      0      0      0    571     53      0      0    552    571      0      0    134  567.5      0      0      0      0    524      0
  506.5    571    571    571  570.5    571    571    571    414    571  285.5  538.5   40.5    571    568    571    571  562.5    571    571    571    571    571    571    571    571    571    571    571    571    571    571     66    149    571    571    571    571    563    571    571    571
    157    571    571    571  553.5  569.5  565.5    571   67.5    571   32.5  285.5    3.5    571    522    571    571    454    571    571    571    571    571    571    571    571    571    571    571  570.5    571    571      3   12.5    571    571    571    571    452    571    571    566
    567    571    571    571    571    571    571    571  560.5    571  530.5  567.5  285.5    571    571    571    571  570.5    571    571    571    571    571    571    571    571    571    571    571    571    571    571  351.5  465.5    571    571    571    571    570    571    571    571
      0    123      1    571      0      0      0     38      0    541      0      0      0  285.5      0      7    127      0  564.5      0      0     15    542      0      0      0    571    402    0.5      0  570.5    571      0      0    501    571      1    1.5      0      0  568.5      0
   18.5    571    571    571    430    556  520.5    571    6.5    571      3     49      0    571  285.5    571    571  131.5    571    571    571    571    571    571    569    571    571    571    571    556    571    571      0      0    571    571    571    571  137.5    567    571    513
      0    551    113    571      0      0      0  495.5      0    571      0      0      0    564      0  285.5    551      0    571     24      5    418    571    0.5      0      1    571    569  121.5      0    571    571      0      0    571    571   26.5   27.5      0    0.5    571      0
      0  277.5      4    571      0      0      0  106.5      0  563.5      0      0      0    444      0     20  285.5      0    571      1      0     46  560.5      0      0      0    571  510.5    5.5      0    571    571      0      0  540.5    571    0.5      1      0      0    571      0
     56    571    571    571    520    567    557    571   27.5    571    8.5    117    0.5    571  439.5    571    571  285.5    571    571    571    571    571    571    571    571    571    571    571    567    571    571      1    3.5    571    571    571    571  289.5  570.5    571    554
      0      1      0    571      0      0      0      0      0  107.5      0      0      0    6.5      0      0      0      0  285.5      0      0      0  120.5      0      0      0  560.5   18.5      0      0  491.5  566.5      0      0     39    548      0      0      0      0  412.5      0
      0  570.5  466.5    571      0      0      0  565.5      0    571      0      0      0    571      0    547    570      0    571  285.5    120    560    571     42      6   29.5    571    571  474.5    0.5    571    571      0      0  570.5    571    282    283      0      9    571    0.5
      0    571    546    571      0      3    1.5    570      0    571      0      0      0    571      0    566    571      0    571    451  285.5  569.5    571  131.5   35.5    122    571    571    554      6    571    571      0      0    571    571    464    450      0     29    571    0.5
      0    514   50.5    571      0      0      0    415      0  569.5      0      0      0    556      0    153    525      0    571     11    1.5  285.5    571      1      0      0    571  565.5     46      0    571    571      0      0  570.5    571    6.5    7.5      0      0    571      0
      0      7      0    570      0      0      0      1      0    283      0      0      0     29      0      0   10.5      0  450.5      0      0      0  285.5      0      0      0  570.5     54      0      0  540.5    570      0      0  140.5  563.5      0      0      0      0    512      0
      0    571  563.5    571      0   15.5    1.5    571      0    571      0      0      0    571      0  570.5    571      0    571    529  439.5    570    571  285.5   95.5  278.5    571    571    565   13.5    571    571      0      0    571    571    525    537      0     85    571      3
      0    571  569.5    571    5.5     86     18    571      0    571      0      0      0    571      2    571    571      0    571    565  535.5    571    571  475.5  285.5    471    571    571    570     78    571    571      0      0    571    571    564    562      1  284.5    571   16.5
      0    571    567    571    0.5     19    2.5    571      0    571      0      0      0    571      0    570    571      0    571  541.5    449    571    571  292.5    100  285.5    571    571  567.5   22.5    571    571      0      0    571    571  544.5  538.5      0   92.5    571    5.5
      0      0      0  462.5      0      0      0      0      0      0      0      0      0      0      0      0      0      0   10.5      0      0      0    0.5      0      0      0  285.5    0.5      0      0   68.5  417.5      0      0      0  156.5      0      0      0      0   28.5      0
      0   55.5      0    571      0      0      0   13.5      0    518      0      0      0    169      0      2   60.5      0  552.5      0      0    5.5    517      0      0      0  570.5  285.5      1      0  566.5    571      0      0    427    570      0      0      0      0  564.5      0
      0    565    274    571      0      0      0  548.5      0    571      0      0      0  570.5      0  449.5  565.5      0    571   96.5     17    525    571      6      1    3.5    571    570  285.5      0    571    571      0      0    571    571   86.5   85.5      0    0.5    571      0
    1.5    571    571    571     37  291.5    106    571      0    571      0    0.5      0    571     15    571    571      4    571  570.5    565    571    571  557.5    493  548.5    571    571    571  285.5    571    571      0      0    571    571    570  570.5      2    494    571    106
      0      0      0    552      0      0      0      0      0     19      0      0      0    0.5      0      0      0      0   79.5      0      0      0   30.5      0      0      0  502.5    4.5      0      0  285.5    542      0      0    4.5  420.5      0      0      0      0  161.5      0
      0      0      0    362      0      0      0      0      0      0      0      0      0      0      0      0      0      0    4.5      0      0      0      1      0      0      0  153.5      0      0      0     29  285.5      0      0      0   70.5      0      0      0      0     11      0
    561    571    571    571    571    571    571    571    546    571    505    568  219.5    571    571    571    571    570    571    571    571    571    571    571    571    571    571    571    571    571    571    571  285.5    423    571    571    571    571    570    571    571    571
    546    571    571    571  570.5    571    571    571    503    571    422  558.5  105.5    571    571    571    571  567.5    571    571    571    571    571    571    571    571    571    571    571    571    571    571    148  285.5    571    571    571    571  568.5    571    571    571
      0     21      0    571      0      0      0      7      0    437      0      0      0     70      0      0   30.5      0    532    0.5      0    0.5  430.5      0      0      0    571    144      0      0  566.5    571      0      0  285.5  570.5      0      0      0      0    558      0
      0      0      0  524.5      0      0      0      0      0    3.5      0      0      0      0      0      0      0      0     23      0      0      0    7.5      0      0      0  414.5      1      0      0  150.5  500.5      0      0    0.5  285.5      0      0      0      0     75      0
      0    571    483    571      0    1.5      0  567.5      0    571      0      0      0    570      0  544.5  570.5      0    571    289    107  564.5    571     46      7   26.5    571    571  484.5      1    571    571      0      0    571    571  285.5    278      0    9.5    571      0
      0    570  472.5    571      0    0.5      0    565      0    571      0      0      0  569.5      0  543.5    570      0    571    288    121  563.5    571     34      9   32.5    571    571  485.5    0.5    571    571      0      0    571    571    293  285.5      0    9.5    571      0
     53    571    571    571    514  565.5    552    571     19    571      8    119      1    571  433.5    571    571  281.5    571    571    571    571    571    571    570    571    571    571    571    569    571    571      1    2.5    571    571    571    571  285.5    570    571  552.5
      0    571  570.5    571    6.5     90     15    571      0    571      0      0      0    571      4  570.5    571    0.5    571    562    542    571    571    486  286.5  478.5    571    571  570.5     77    571    571      0      0    571    571  561.5  561.5      1  285.5    571     21
      0    0.5      0  566.5      0      0      0      0      0     47      0      0      0    2.5      0      0      0      0  158.5      0      0      0     59      0      0      0  542.5    6.5      0      0  409.5    560      0      0     13    496      0      0      0      0  285.5      0
      1    571    571    571  122.5  471.5  289.5    571    0.5    571      0      5      0    571     58    571    571     17    571  570.5  570.5    571    571    568  554.5  565.5    571    571    571    465    571    571      0      0    571    571    571    571   18.5    550    571  285.5

COMPONENT 2
Central weak order
9 > 10 > 30 > {22 33} > 32 > 6 > 29 > 21 > 38 > {28 37} > 26 > 13 > 23 > 14 > 39 > 15 > 35 > 11 > 34 > 12 > 24 > 1 > 17 > {7 8 18} > 41 > 31 > 20 > 19 > 3 > 2 > 42 > {25 27} > 36 > 40 > 4 > 16 > 5
Weight
0.286
Pairwise count matrix
    143    286    286    286    286      0  261.5    265      0      0      5   37.5      0      0      0    286  219.5  267.5    286    286      0      0      0     73    286      0    286      0      0      0  284.5      0      0     13    1.5    286      0      0      0    286  282.5    286
      0    143   77.5  284.5    286      0      0    0.5      0      0      0      0      0      0      0    286      0      0   34.5   12.5      0      0      0      0    257      0    261      0      0      0      7      0      0      0      0    276      0      0      0  283.5    0.5    202
      0  208.5    143    286    286      0    0.5      2      0      0      0      0      0      0      0    286      0    2.5     79     35      0      0      0      0  271.5      0  276.5      0      0      0   16.5      0      0      0      0  283.5      0      0      0    284    4.5  243.5
      0    1.5      0    143    238      0      0      0      0      0      0      0      0      0      0  215.5      0      0      0      0      0      0      0      0    9.5      0     10      0      0      0      0      0      0      0      0     32      0      0      0     84      0    2.5
      0      0      0     48    143      0      0      0      0      0      0      0      0      0      0  103.5      0      0      0      0      0      0      0      0      2      0    0.5      0      0      0      0      0      0      0      0    7.5      0      0      0   24.5      0      0
    286    286    286    286    286    143    286    286      2      5    286    286  285.5    286    286    286    286    286    286    286    251     27    286    286    286    285    286  281.5    199    7.5    286     70   27.5    286    286    286  281.5    271    286    286    286    286
   24.5    286  285.5    286    286      0    143  159.5      0      0    0.5    3.5      0      0      0    286   68.5  148.5    285    279      0      0      0   10.5    286      0    286      0      0      0  267.5      0      0    1.5      0    286      0      0      0    286    229    286
     21  285.5    284    286    286      0  126.5    143      0      0    0.5      3      0      0      0    286     51  131.5  281.5  275.5      0      0      0    7.5    286      0  285.5      0      0      0  260.5      0      0      1      0    286      0      0      0    286    216    286
    286    286    286    286    286    284    286    286    143  184.5    286    286    286    286    286    286    286    286    286    286    286    266    286    286    286    286    286    286    282    236    286  280.5  266.5    286    286    286    286    286    286    286    286    286
    286    286    286    286    286    281    286    286  101.5    143    286    286    286    286    286    286    286    286    286    286  285.5  253.5    286    286    286    286    286    286  285.5    207    286  277.5    257    286    286    286    286    286    286    286    286    286
    281    286    286    286    286      0  285.5  285.5      0      0    143    255    0.5      4   43.5    286  284.5    285    286    286      0      0    0.5    267    286    0.5    286      0      0      0    286      0      0  209.5     83    286      0      0     13    286    286    286
  248.5    286    286    286    286      0  282.5    283      0      0     31    143      0      0    9.5    286    271    282    286    286      0      0      0  211.5    286      0    286      0      0      0    286      0      0     75     14    286      0      0    1.5    286    285    286
    286    286    286    286    286    0.5    286    286      0      0  285.5    286    143    248  282.5    286    286    286    286    286      4      0  219.5    286    286   89.5    286     28    2.5      0    286      0      0    286    284    286   40.5     15  271.5    286    286    286
    286    286    286    286    286      0    286    286      0      0    282    286     38    143  251.5    286    286    286    286    286      1      0     83    286    286   22.5    286      4    0.5      0    286      0      0    285    270    286      7    2.5  215.5    286    286    286
    286    286    286    286    286      0    286    286      0      0  242.5  276.5    3.5   34.5    143    286    286    286    286    286      0      0   10.5  283.5    286    0.5    286    0.5      0      0    286      0      0    267    201    286      0      0     75    286    286    286
      0      0      0   70.5  182.5      0      0      0      0      0      0      0      0      0      0    143      0      0      0      0      0      0      0      0      3      0      1      0      0      0      0      0      0      0      0     12      0      0      0     34      0    0.5
   66.5    286    286    286    286      0  217.5    235      0      0    1.5     15      0      0      0    286    143  228.5    286    284      0      0      0     32    286      0    286      0      0      0  280.5      0      0      9      1    286      0      0      0    286    270    286
   18.5    286  283.5    286    286      0  137.5  154.5      0      0      1      4      0      0      0    286   57.5    143    285    279      0      0      0      7    286      0    286      0      0      0    264      0      0    1.5      0    286      0      0      0    286  231.5    286
      0  251.5    207    286    286      0      1    4.5      0      0      0      0      0      0      0    286      0      1    143     70      0      0      0      0    281      0  283.5      0      0      0   28.5      0      0      0      0    286      0      0      0  285.5      8  273.5
      0  273.5    251    286    286      0      7   10.5      0      0      0      0      0      0      0    286      2      7    216    143      0      0      0      0  283.5      0  283.5      0      0      0     75      0      0      0      0    286      0      0      0    286   30.5  278.5
    286    286    286    286    286     35    286    286      0    0.5    286    286    282    285    286    286    286    286    286    286    143      8    286    286    286  278.5    286  257.5     81    0.5    286   15.5      5    286    286    286  257.5  202.5  285.5    286    286    286
    286    286    286    286    286    259    286    286     20   32.5    286    286    286    286    286    286    286    286    286    286    278    143    286    286    286    286    286  284.5  271.5     69    286  225.5  154.5    286    286    286    286  284.5    286    286    286    286
    286    286    286    286    286      0    286    286      0      0  285.5    286   66.5    203  275.5    286    286    286    286    286      0      0    143    286    286     36    286     11      0      0    286      0      0  285.5    281    286   12.5    4.5    255    286    286    286
    213    286    286    286    286      0  275.5  278.5      0      0     19   74.5      0      0    2.5    286    254    279    286    286      0      0      0    143    286      0    286      0      0      0  285.5      0      0     39      6    286      0      0    0.5    286    284    286
      0     29   14.5  276.5    284      0      0      0      0      0      0      0      0      0      0    283      0      0      5    2.5      0      0      0      0    143      0    139      0      0      0      1      0      0      0      0  227.5      0      0      0  258.5      0     58
    286    286    286    286    286      1    286    286      0      0  285.5    286  196.5  263.5  285.5    286    286    286    286    286    7.5      0    250    286    286    143    286   63.5    4.5      0    286      0      0    286  285.5    286     70     29  279.5    286    286    286
      0     25    9.5    276  285.5      0      0    0.5      0      0      0      0      0      0      0    285      0      0    2.5    2.5      0      0      0      0    147      0    143      0      0      0      0      0      0      0      0  234.5      0      0      0  258.5      0     63
    286    286    286    286    286    4.5    286    286      0      0    286    286    258    282  285.5    286    286    286    286    286   28.5    1.5    275    286    286  222.5    286    143   11.5      0    286      2    0.5    286    286    286    151   66.5  283.5    286    286    286
    286    286    286    286    286     87    286    286      4    0.5    286    286  283.5  285.5    286    286    286    286    286    286    205   14.5    286    286    286  281.5    286  274.5    143    2.5    286   36.5     10    286    286    286    277    245    286    286    286    286
    286    286    286    286    286  278.5    286    286     50     79    286    286    286    286    286    286    286    286    286    286  285.5    217    286    286    286    286    286    286  283.5    143    286  264.5  217.5    286    286    286    286    286    286    286    286    286
    1.5    279  269.5    286    286      0   18.5   25.5      0      0      0      0      0      0      0    286    5.5     22  257.5    211      0      0      0    0.5    285      0    286      0      0      0    143      0      0      0      0    286      0      0      0    286     65  284.5
    286    286    286    286    286    216    286    286    5.5    8.5    286    286    286    286    286    286    286    286    286    286  270.5   60.5    286    286    286    286    286    284  249.5   21.5    286    143     68    286    286    286  285.5    281    286    286    286    286
    286    286    286    286    286  258.5    286    286   19.5     29    286    286    286    286    286    286    286    286    286    286    281  131.5    286    286    286    286    286  285.5    276   68.5    286    218    143    286    286    286  285.5    284    286    286    286    286
    273    286    286    286    286      0  284.5    285      0      0   76.5    211      0      1     19    286    277  284.5    286    286      0      0    0.5    247    286      0    286      0      0      0    286      0      0    143   35.5    286      0      0      5    286  285.5    286
  284.5    286    286    286    286      0    286    286      0      0    203    272      2     16     85    286    285    286    286    286      0      0      5    280    286    0.5    286      0      0      0    286      0      0  250.5    143    286      0      0     36    286    286    286
      0     10    2.5    254  278.5      0      0      0      0      0      0      0      0      0      0    274      0      0      0      0      0      0      0      0   58.5      0   51.5      0      0      0      0      0      0      0      0    143      0      0      0  203.5      0   16.5
    286    286    286    286    286    4.5    286    286      0      0    286    286  245.5    279    286    286    286    286    286    286   28.5      0  273.5    286    286    216    286    135      9      0    286    0.5    0.5    286    286    286    143   66.5  285.5    286    286    286
    286    286    286    286    286     15    286    286      0      0    286    286    271  283.5    286    286    286    286    286    286   83.5    1.5  281.5    286    286    257    286  219.5     41      0    286      5      2    286    286    286  219.5    143    285    286    286    286
    286    286    286    286    286      0    286    286      0      0    273  284.5   14.5   70.5    211    286    286    286    286    286    0.5      0     31  285.5    286    6.5    286    2.5      0      0    286      0      0    281    250    286    0.5      1    143    286    286    286
      0    2.5      2    202  261.5      0      0      0      0      0      0      0      0      0      0    252      0      0    0.5      0      0      0      0      0   27.5      0   27.5      0      0      0      0      0      0      0      0   82.5      0      0      0    143      0   11.5
    3.5  285.5  281.5    286    286      0     57     70      0      0      0      1      0      0      0    286     16   54.5    278  255.5      0      0      0      2    286      0    286      0      0      0    221      0      0    0.5      0    286      0      0      0    286    143  285.5
      0     84   42.5  283.5    286      0      0      0      0      0      0      0      0      0      0  285.5      0      0   12.5    7.5      0      0      0      0    228      0    223      0      0      0    1.5      0      0      0      0  269.5      0      0      0  274.5    0.5    143

COMPONENT 3
Central weak order
36 > 22 > 20 > {4 16} > 12 > {3 21} > {5 8 17 19 31 39} > 32 > 38 > 42 > 33 > 1 > 26 > 27 > 35 > {24 37} > 14 > {2 6} > 15 > 28 > 40 > 11 > 30 > 10 > 23 > {7 29} > 41 > 9 > 34 > 18 > 13 > 25
Weight
0.143
Pairwise count matrix
   71.5    143      0      0    0.5    143    143      0    143    143    143      0    143    143    143      0      0    143      1      0      0      0    143    142    143  111.5  126.5    143    143    143      1    2.5     41    143    139      0  142.5    4.5    0.5    143    143   13.5
      0   71.5      0      0      0   65.5    143      0    143    143  141.5      0    143   37.5    112      0      0    143      0      0      0      0    143     11    143      0      0    134    143    143      0      0    0.5    143      4      0   13.5      0      0  140.5    143      0
    143    143   71.5      5  129.5    143    143    130    143    143    143   30.5    143    143    143     10  126.5    143  130.5    1.5   75.5      0    143    143    143    143    143    143    143    143    125  138.5    143    143    143      1    143  142.5    128    143    143    143
    143    143    138   71.5  141.5    143    143  142.5    143    143    143  118.5    143    143    143   77.5    142    143  142.5   35.5  135.5     14    143    143    143    143    143    143    143    143  142.5    143    143    143    143    8.5    143    143  141.5    143    143    143
  142.5    143   13.5    1.5   71.5    143    143     71    143    143    143    2.5    143    143    143      1     70    143     75      0     11      0    143    143    143    143    143    143    143    143     73    120  140.5    143    143      0    143    135     67    143    143  138.5
      0   77.5      0      0      0   71.5    143      0    143  142.5    142      0    143     33  115.5      0      0    143      0      0      0      0    143    5.5    143    0.5    0.5  133.5    143  142.5      0      0      0    143      2      0    8.5      0      0  140.5    143      0
      0      0      0      0      0      0   71.5      0    133     19    3.5      0    143      0      0      0      0  141.5      0      0      0      0     38      0  142.5      0      0      1   72.5    7.5      0      0      0  138.5      0      0      0      0      0      1    111      0
    143    143     13    0.5     72    143    143   71.5    143    143    143    3.5    143    143    143      2     64    143     74      0     13      0    143    143    143    143    143    143    143    143     65    123    142    143    143      0    143    136     63    143    143  140.5
      0      0      0      0      0      0     10      0   71.5      1    0.5      0  134.5      0      0      0      0    121      0      0      0      0      3      0  138.5      0      0      0   13.5      0      0      0      0  107.5      0      0      0      0      0      0   33.5      0
      0      0      0      0      0    0.5    124      0    142   71.5     21      0    143      0    0.5      0      0    143      0      0      0      0  100.5      0    143      0      0      4    128     43      0      0      0  142.5      0      0      0      0      0    8.5    137      0
      0    1.5      0      0      0      1  139.5      0  142.5    122   71.5      0    143    0.5      5      0      0    143      0      0      0      0    133      0    143      0      0     16    139    110      0      0      0    143      0      0      0      0      0   35.5    142      0
    143    143  112.5   24.5  140.5    143    143  139.5    143    143    143   71.5    143    143    143     32  139.5    143    139   10.5  118.5      4    143    143    143    143    143    143    143    143    141  142.5    143    143    143    1.5    143    143    137    143    143    143
      0      0      0      0      0      0      0      0    8.5      0      0      0   71.5      0      0      0      0   40.5      0      0      0      0      0      0   89.5      0      0      0      0      0      0      0      0     22      0      0      0      0      0      0    3.5      0
      0  105.5      0      0      0    110    143      0    143    143  142.5      0    143   71.5  134.5      0      0    143      0      0      0      0    143     26    143    0.5    1.5  138.5    143    143      0      0      0    143      9      0     30      0      0    141    143      0
      0     31      0      0      0   27.5    143      0    143  142.5    138      0    143    8.5   71.5      0      0    143      0      0      0      0    143      1    143      0      0    107    143  140.5      0      0      0    143    0.5      0      1      0      0    126    143      0
    143    143    133   65.5    142    143    143    141    143    143    143    111    143    143    143   71.5    142    143  142.5     33  137.5     15    143    143    143    143    143    143    143    143    143    143    143    143    143     13    143    143    142    143    143    143
    143    143   16.5      1     73    143    143     79    143    143    143    3.5    143    143    143      1   71.5    143   81.5      0   14.5      0    143    143    143    143    143    143    143    143     79  123.5    143    143    143      0    143  140.5     70    143    143    142
      0      0      0      0      0      0    1.5      0     22      0      0      0  102.5      0      0      0      0   71.5      0      0      0      0      1      0  116.5      0      0      0      4      0      0      0      0   45.5      0      0      0      0      0      0     10      0
    142    143   12.5    0.5     68    143    143     69    143    143    143      4    143    143    143    0.5   61.5    143   71.5      0     12      0    143    143    143    143    143    143    143    143   62.5    121  141.5    143  142.5      0    143  132.5     68    143    143  138.5
    143    143  141.5  107.5    143    143    143    143    143    143    143  132.5    143    143    143    110    143    143    143   71.5  141.5   34.5    143    143    143    143    143    143    143    143    143    143    143    143    143   31.5    143    143  142.5    143    143    143
    143    143   67.5    7.5    132    143    143    130    143    143    143   24.5    143    143    143    5.5  128.5    143    131    1.5   71.5      1    143    143    143    143    143    143    143    143    134    142    143    143    143      1    143  142.5    128    143    143    143
    143    143    143    129    143    143    143    143    143    143    143    139    143    143    143    128    143    143    143  108.5    142   71.5    143    143    143    143    143    143    143    143    143    143    143    143    143     64    143    143    143    143    143    143
      0      0      0      0      0      0    105      0    140   42.5     10      0    143      0      0      0      0    142      0      0      0      0   71.5      0    143      0      0      1    112   21.5      0      0      0    141      0      0      0      0      0    1.5  131.5      0
      1    132      0      0      0  137.5    143      0    143    143    143      0    143    117    142      0      0    143      0      0      0      0    143   71.5    143    3.5   13.5    142    143    143      0      0      1    143     35      0   79.5      0      0    143    143      0
      0      0      0      0      0      0    0.5      0    4.5      0      0      0   53.5      0      0      0      0   26.5      0      0      0      0      0      0   71.5      0      0      0      0      0      0      0      0   15.5      0      0      0      0      0      0    1.5      0
   31.5    143      0      0      0  142.5    143      0    143    143    143      0    143  142.5    143      0      0    143      0      0      0      0    143  139.5    143   71.5  103.5    143    143    143      0      1   16.5    143    127      0    140      1    0.5    143    143    5.5
   16.5    143      0      0      0  142.5    143      0    143    143    143      0    143  141.5    143      0      0    143      0      0      0      0    143  129.5    143   39.5   71.5    143    143    143      0      1    9.5    143    112      0  134.5      0      0    143    143    2.5
      0      9      0      0      0    9.5    142      0    143    139    127      0    143    4.5     36      0      0    143      0      0      0      0    142      1    143      0      0   71.5    143  138.5      0      0      0    143      0      0      0      0      0    100    143      0
      0      0      0      0      0      0   70.5      0  129.5     15      4      0    143      0      0      0      0    139      0      0      0      0     31      0    143      0      0      0   71.5    8.5      0      0      0  137.5      0      0      0      0      0    0.5  105.5      0
      0      0      0      0      0    0.5  135.5      0    143    100     33      0    143      0    2.5      0      0    143      0      0      0      0  121.5      0    143      0      0    4.5  134.5   71.5      0      0      0    143      0      0      0      0      0     12    140      0
    142    143     18    0.5     70    143    143     78    143    143    143      2    143    143    143      0     64    143   80.5      0      9      0    143    143    143    143    143    143    143    143   71.5  124.5    141    143    143      0    143  133.5   64.5    143    143  137.5
  140.5    143    4.5      0     23    143    143     20    143    143    143    0.5    143    143    143      0   19.5    143     22      0      1      0    143    143    143    142    142    143    143    143   18.5   71.5    135    143    142      0    143    104   15.5    143    143  120.5
    102  142.5      0      0    2.5    143    143      1    143    143    143      0    143    143    143      0      0    143    1.5      0      0      0    143    142    143  126.5  133.5    143    143    143      2      8   71.5    143  139.5      0    142   14.5      1    143    143   36.5
      0      0      0      0      0      0    4.5      0   35.5    0.5      0      0    121      0      0      0      0   97.5      0      0      0      0      2      0  127.5      0      0      0    5.5      0      0      0      0   71.5      0      0      0      0      0      0   14.5      0
      4    139      0      0      0    141    143      0    143    143    143      0    143    134  142.5      0      0    143    0.5      0      0      0    143    108    143     16     31    143    143    143      0      1    3.5    143   71.5      0    111      0      0    143    143    1.5
    143    143    142  134.5    143    143    143    143    143    143    143  141.5    143    143    143    130    143    143    143  111.5    142     79    143    143    143    143    143    143    143    143    143    143    143    143    143   71.5    143    143    143    143    143    143
    0.5  129.5      0      0      0  134.5    143      0    143    143    143      0    143    113    142      0      0    143      0      0      0      0    143   63.5    143      3    8.5    143    143    143      0      0      1    143     32      0   71.5      0      0    143    143      0
  138.5    143    0.5      0      8    143    143      7    143    143    143      0    143    143    143      0    2.5    143   10.5      0    0.5      0    143    143    143    142    143    143    143    143    9.5     39  128.5    143    143      0    143   71.5      5    143    143    102
  142.5    143     15    1.5     76    143    143     80    143    143    143      6    143    143    143      1     73    143     75    0.5     15      0    143    143    143  142.5    143    143    143    143   78.5  127.5    142    143    143      0    143    138   71.5    143    143  140.5
      0    2.5      0      0      0    2.5    142      0    143  134.5  107.5      0    143      2     17      0      0    143      0      0      0      0  141.5      0    143      0      0     43  142.5    131      0      0      0    143      0      0      0      0      0   71.5    143      0
      0      0      0      0      0      0     32      0  109.5      6      1      0  139.5      0      0      0      0    133      0      0      0      0   11.5      0  141.5      0      0      0   37.5      3      0      0      0  128.5      0      0      0      0      0      0   71.5      0
  129.5    143      0      0    4.5    143    143    2.5    143    143    143      0    143    143    143      0      1    143    4.5      0      0      0    143    143    143  137.5  140.5    143    143    143    5.5   22.5  106.5    143  141.5      0    143     41    2.5    143    143   71.5

