COMPONENT 1
Central weak order
30 > 1 > 16 > 7 > 22 > 13 > 3 > 28 > 23 > 2 > 26 > 32 > 38 > 9 > 33 > 36 > 14 > 27 > 31 > 20 > 17 > 4 > {24 39} > 8 > 35 > 18 > 34 > 15 > 5 > 29 > 12 > 25 > 37 > 6 > 21 > 19 > 42 > 41 > 40 > 10 > 11
Weight
0.500
Pairwise count matrix
    250  499.5  495.5    500    500    500    427    500    500    500    500    500    487    500    500    347    500    500    500    500    500  467.5  498.5    500    500    500    500  498.5    500    187    500    500    500    500    500    500    500    500    500    500    500    500
    0.5    250     22    500    500    500    1.5    500    491    500    500    500      5    500    500      0    500    500    500    500    500      2  139.5    500    500    368    500     55    500      0    500  438.5    498    500    500    500    500  477.5    500    500    500    500
    4.5    478    250    500    500    500   22.5    500    500    500    500    500  122.5    500    500    6.5    500    500    500    500    500     53  439.5    500    500  489.5    500    349    500      1    500  496.5    500    500    500    500    500  499.5    500    500    500    500
      0      0      0    250    500    500      0  465.5      0    500    500    500      0      2    499      0    136    496    500   55.5    500      0      0    383    500      0     10      0  499.5      0     26      0      1    499    484      0    500      0  389.5    500    500    500
      0      0      0      0    250  495.5      0    0.5      0    500    500  440.5      0      0    144      0      0   24.5    499    0.5    500      0      0      0  477.5      0      0      0    384      0      0      0      0     67    9.5      0  493.5      0    0.5    500    500    500
      0      0      0      0    4.5    250      0      0      0    499    500   28.5      0      0    2.5      0      0      0  446.5      0  371.5      0      0      0     68      0      0      0    9.5      0      0      0      0      1      0      0  143.5      0      0    499  488.5    480
     73  498.5  477.5    500    500    500    250    500    500    500    500    500  431.5    500    500  138.5    500    500    500    500    500    352  495.5    500    500    500    500    488    500   46.5    500    500    500    500    500    500    500    500    500    500    500    500
      0      0      0   34.5  499.5    500      0    250      0    500    500    499      0    0.5    492      0   17.5    435    500    7.5    500      0      0  111.5    500      0    0.5      0    499      0      1      0      0    478    353      0    500      0  111.5    500    500    500
      0      9      0    500    500    500      0    500    250    500    500    500      0  470.5    500      0    500    500    500    499    500      0      4    500    500     25  488.5      0    500      0  495.5     70  360.5    500    500  428.5    500  145.5    500    500    500    500
      0      0      0      0      0      1      0      0      0    250  332.5      0      0      0      0      0      0      0     10      0      5      0      0      0      0      0      0      0      0      0      0      0      0      0      0      0    0.5      0      0  139.5     65   27.5
      0      0      0      0      0      0      0      0      0  167.5    250      0      0      0      0      0      0      0      5      0    1.5      0      0      0      0      0      0      0      0      0      0      0      0      0      0      0      0      0      0     93   34.5   12.5
      0      0      0      0   59.5  471.5      0      1      0    500    500    250      0      0   26.5      0      0    1.5    497      0    492      0      0      0  361.5      0      0      0  146.5      0      0      0      0   10.5      0      0  438.5      0      0    500    499  499.5
     13    495  377.5    500    500    500   68.5    500    500    500    500    500    250    500    500   23.5    500    500    500    500    500  123.5    483    500    500    498    500  436.5    500    9.5    500    499    500    500    500    500    500  499.5    500    500    500    500
      0      0      0    498    500    500      0  499.5   29.5    500    500    500      0    250    500      0  488.5    500    500    470    500      0      0    500    500    0.5    359      0    500      0  435.5    2.5   66.5    500    500  132.5    500     10    500    500    500    500
      0      0      0      1    356  497.5      0      8      0    500    500  473.5      0      0    250      0      1   56.5    500      0    500      0      0      2  490.5      0      0      0  444.5      0      0      0      0    134     20      0  496.5      0    2.5    500    500    500
    153    500  493.5    500    500    500  361.5    500    500    500    500    500  476.5    500    500    250    500    500    500    500    500  427.5    500    500    500    500    500  496.5    500  100.5    500    500    500    500    500    500    500    500    500    500    500    500
      0      0      0    364    500    500      0  482.5      0    500    500    500      0   11.5    499      0    250    498    500  128.5    500      0      0    443    500      0     27      0    500      0     57      0      3  498.5    492      2    500      0  449.5    500    500    500
      0      0      0      4  475.5    500      0     65      0    500    500  498.5      0      0  443.5      0      2    250    500    1.5    500      0      0   19.5    499      0      0      0  491.5      0      0      0      0    371  128.5      0    500      0   23.5    500    500    500
      0      0      0      0      1   53.5      0      0      0    490    495      3      0      0      0      0      0      0    250      0  140.5      0      0      0      9      0      0      0      2      0      0      0      0      0      0      0     23      0      0  477.5    424  368.5
      0      0      0  444.5  499.5    500      0  492.5      1    500    500    500      0     30    500      0  371.5  498.5    500    250    500      0      0  479.5    500      0   53.5      0    500      0    131      0    3.5    500    498      6    500    0.5  479.5    500    500    500
      0      0      0      0      0  128.5      0      0      0    495  498.5      8      0      0      0      0      0      0  359.5      0    250      0      0      0     28      0      0      0    2.5      0      0      0      0    0.5      0      0     76      0      0  490.5  467.5  439.5
   32.5    498    447    500    500    500    148    500    500    500    500    500  376.5    500    500   72.5    500    500    500    500    500    250  492.5    500    500  499.5    500  476.5    500     21    500    500    500    500    500    500    500    500    500    500    500    500
    1.5  360.5   60.5    500    500    500    4.5    500    496    500    500    500     17    500    500      0    500    500    500    500    500    7.5    250    500    500  433.5    500  121.5    500      0    500  469.5    497    500    500    500    500    486    500    500    500    500
      0      0      0    117    500    500      0  388.5      0    500    500    500      0      0    498      0     57  480.5    500   20.5    500      0      0    250    500      0    0.5      0  499.5      0      8      0      0    493  449.5      0    500      0    247    500    500    500
      0      0      0      0   22.5    432      0      0      0    500    500  138.5      0      0    9.5      0      0      1    491      0    472      0      0      0    250      0      0      0     65      0      0      0      0      3      0      0    361      0      0  499.5  496.5  494.5
      0    132   10.5    500    500    500      0    500    475    500    500    500      2  499.5    500      0    500    500    500    500    500    0.5   66.5    500    500    250    499     21    500      0  499.5  377.5  491.5    500    500    497    500  445.5    500    500    500    500
      0      0      0    490    500    500      0  499.5   11.5    500    500    500      0    141    500      0    473    500    500  446.5    500      0      0  499.5    500      1    250      0    500      0    372      2     29    500    500     62    500    0.5    499    500    500    500
    1.5    445    151    500    500    500     12    500    500    500    500    500   63.5    500    500    3.5    500    500    500    500    500   23.5  378.5    500    500    479    500    250    500      0    500  491.5    500    500    500    500    500  497.5    500    500    500    500
      0      0      0    0.5    116  490.5      0      1      0    500    500  353.5      0      0   55.5      0      0    8.5    498      0  497.5      0      0    0.5    435      0      0      0    250      0      0      0      0     28    2.5      0    476      0    0.5    500  499.5    500
    313    500    499    500    500    500  453.5    500    500    500    500    500  490.5    500    500  399.5    500    500    500    500    500    479    500    500    500    500    500    500    500    250    500    500    500    500    500    500    500    500    500    500    500    500
      0      0      0    474    500    500      0    499    4.5    500    500    500      0   64.5    500      0    443    500    500    369    500      0      0    492    500    0.5    128      0    500      0    250      2      9    500    500     26    500    1.5    493    500    500    500
      0   61.5    3.5    500    500    500      0    500    430    500    500    500      1  497.5    500      0    500    500    500    500    500      0   30.5    500    500  122.5    498    8.5    500      0    498    250  470.5    500    500  489.5    500    367    500    500    500    500
      0      2      0    499    500    500      0    500  139.5    500    500    500      0  433.5    500      0    497    500    500  496.5    500      0      3    500    500    8.5    471      0    500      0    491   29.5    250    500    500  357.5    500     63    500    500    500    500
      0      0      0      1    433    499      0     22      0    500    500  489.5      0      0    366      0    1.5    129    500      0  499.5      0      0      7    497      0      0      0    472      0      0      0      0    250     64      0    498      0      7    500    500    500
      0      0      0     16  490.5    500      0    147      0    500    500    500      0      0    480      0      8  371.5    500      2    500      0      0   50.5    500      0      0      0  497.5      0      0      0      0    436    250      0    500      0   60.5    500    500    500
      0      0      0    500    500    500      0    500   71.5    500    500    500      0  367.5    500      0    498    500    500    494    500      0      0    500    500      3    438      0    500      0    474   10.5  142.5    500    500    250    500     30  499.5    500    500    500
      0      0      0      0    6.5  356.5      0      0      0  499.5    500   61.5      0      0    3.5      0      0      0    477      0    424      0      0      0    139      0      0      0     24      0      0      0      0      2      0      0    250      0      0  497.5    494    493
      0   22.5    0.5    500    500    500      0    500  354.5    500    500    500    0.5    490    500      0    500    500    500  499.5    500      0     14    500    500   54.5  499.5    2.5    500      0  498.5    133    437    500    500    470    500    250    500    500    500    500
      0      0      0  110.5  499.5    500      0  388.5      0    500    500    500      0      0  497.5      0   50.5  476.5    500   20.5    500      0      0    253    500      0      1      0  499.5      0      7      0      0    493  439.5    0.5    500      0    250    500    500    500
      0      0      0      0      0      1      0      0      0  360.5    407      0      0      0      0      0      0      0   22.5      0    9.5      0      0      0    0.5      0      0      0      0      0      0      0      0      0      0      0    2.5      0      0    250  128.5   62.5
      0      0      0      0      0   11.5      0      0      0    435  465.5      1      0      0      0      0      0      0     76      0   32.5      0      0      0    3.5      0      0      0    0.5      0      0      0      0      0      0      0      6      0      0  371.5    250  153.5
      0      0      0      0      0     20      0      0      0  472.5  487.5    0.5      0      0      0      0      0      0  131.5      0   60.5      0      0      0    5.5      0      0      0      0      0      0      0      0      0      0      0      7      0      0  437.5  346.5    250

COMPONENT 2
Central weak order
10 > 14 > {1 4 24 38} > 21 > {13 37} > 16 > 11 > 3 > 12 > 6 > 19 > 26 > 30 > 28 > 2 > {29 36} > {31 39} > 40 > 22 > {27 32} > {7 8 25} > 18 > 33 > 20 > {35 41} > 42 > {9 23} > 5 > 17 > {15 34}
Weight
0.500
Pairwise count matrix
    250    500    499    251    500    500    500    500    500     66    498    500    473     98    500  494.5    500    500    500    500  414.5    500    500  258.5    500    500    500    500    500    500    500    500    500    500    500    500    473  253.5    500    500    500    500
      0    250      1      0    500    4.5    500    500    500      0      0      1      0      0    500    0.5    500    500   10.5    500      0    498    500      0    500     21    499  138.5    387   63.5  471.5    499    500    500    500    398      0      0  477.5    496    500    500
      1    499    250    0.5    500  435.5    500    500    500      0  124.5    363     11      0    500     56    500    500    484    500    3.5    500    500      1    500    492    500    499    500    498    500    500    500    500    500    500     12    0.5    500    500    500    500
    249    500  499.5    250    500    500    500    500    500     62  498.5  499.5  473.5     91    500    494    500    500    500    500    407    500    500    262    500    500    500    500    500    500    500    500    500    500    500    500  471.5  250.5    500    500    500    500
      0      0      0      0    250      0      0      0     98      0      0      0      0      0  447.5      0    370      0      0      2      0      0    106      0      0      0      0      0      0      0      0      0    0.5  446.5    9.5      0      0      0      0      0    8.5     37
      0  495.5   64.5      0    500    250    500    500    500      0     23  127.5      1      0    500    9.5    500    500    361    500      0    500    500      0    500    431    500  489.5    500    477    500    500    500    500    500  498.5    3.5      0  499.5    500    500    500
      0      0      0      0    500      0    250  243.5    500      0      0      0      0      0    500      0    500    402      0  482.5      0     23    500      0    241      0     81      0      0      0      1   73.5    460    500  497.5      0      0      0    0.5    6.5  497.5    500
      0      0      0      0    500      0  256.5    250    500      0      0      0      0      0    500      0    500  399.5      0    486      0   31.5    500      0  242.5      0   88.5      0      0      0      3     85  464.5    500  496.5      0      0      0    4.5    9.5    497  499.5
      0      0      0      0    402      0      0      0    250      0      0      0      0      0  484.5      0  461.5    0.5      0     15      0      0    273      0      0      0      0      0      0      0      0      0      3    487     35      0      0      0      0      0     39  113.5
    434    500    500    438    500    500    500    500    500    250    500    500  496.5    305    500    500    500    500    500    500    486    500    500    448    500    500    500    500    500    500    500    500    500    500    500    500  497.5    436    500    500    500    500
      2    500  375.5    1.5    500    477    500    500    500      0    250  437.5   40.5      0    500  135.5    500    500  494.5    500   13.5    500    500    3.5    500    496    500    500    500    498    500    500    500    500    500    500   46.5    4.5    500    500    500    500
      0    499    137    0.5    500  372.5    500    500    500      0   62.5    250    4.5      0    500     25    500    500  442.5    500    0.5    500    500      1    500    478    500    497    499  490.5    500    500    500    500    500    499      7      0    500    500    500    500
     27    500    489   26.5    500    499    500    500    500    3.5  459.5  495.5    250      8    500    405    500    500  499.5    500    108    500    500   29.5    500  499.5    500  499.5    500    500    500    500    500    500    500    500    255     33    500    500    500    500
    402    500    500    409    500    500    500    500    500    195    500    500    492    250    500  498.5    500    500    500    500  475.5    500    500  417.5    500    500    500    500    500    500    500    500    500    500    500    500  494.5  401.5    500    500    500    500
      0      0      0      0   52.5      0      0      0   15.5      0      0      0      0      0    250      0    133      0      0      0      0      0     15      0      0      0      0      0      0      0      0      0      0  248.5    0.5      0      0      0      0      0      1    3.5
    5.5  499.5    444      6    500  490.5    500    500    500      0  364.5    475     95    1.5    500    250    500    500  498.5    500     30    500    500    9.5    500    499    500    500    500    500    500    500    500    500    500    500  109.5    6.5    500    500    500    500
      0      0      0      0    130      0      0      0   38.5      0      0      0      0      0    367      0    250      0      0    2.5      0      0   42.5      0      0      0      0      0      0      0      0      0      1  366.5      6      0      0      0      0      0    2.5   13.5
      0      0      0      0    500      0     98  100.5  499.5      0      0      0      0      0    500      0    500    250      0  439.5      0      3  499.5      0     88      0   15.5      0      0      0      0     15  374.5    500    489      0      0      0      0      1  483.5  495.5
      0  489.5     16      0    500    139    500    500    500      0    5.5   57.5    0.5      0    500    1.5    500    500    250    500      0    500    500    0.5    500    369    500  477.5  498.5  450.5    500    500    500    500    500  499.5      0      0    500    500    500    500
      0      0      0      0    498      0   17.5     14    485      0      0      0      0      0    500      0  497.5   60.5      0    250      0    0.5    487      0     16      0      1      0      0      0      0      2  132.5    500    386      0      0      0      0      0  389.5    462
   85.5    500  496.5     93    500    500    500    500    500     14  486.5  499.5    392   24.5    500    470    500    500    500    500    250    500    500     88    500    500    500    500    500    500    500    500    500    500    500    500    400     89    500    500    500    500
      0      2      0      0    500      0    477  468.5    500      0      0      0      0      0    500      0    500    497      0  499.5      0    250    500      0  476.5      0  381.5      1      4      0     41  388.5    500    500    499   10.5      0      0     47    130    500    500
      0      0      0      0    394      0      0      0    227      0      0      0      0      0    485      0  457.5    0.5      0     13      0      0    250      0      0      0      0      0      0      0      0      0      3    486   38.5      0      0      0      0      0     37  101.5
  241.5    500    499    238    500    500    500    500    500     52  496.5    499  470.5   82.5    500  490.5    500    500  499.5    500    412    500    500    250    500    500    500    500    500    500    500    500    500    500    500    500  473.5  241.5    500    500    500    500
      0      0      0      0    500      0    259  257.5    500      0      0      0      0      0    500      0    500    412      0    484      0   23.5    500      0    250      0     84      0      0      0    2.5   82.5    464    500    496      0      0      0      2      8  497.5  498.5
      0    479      8      0    500     69    500    500    500      0      4     22    0.5      0    500      1    500    500    131    500      0    500    500      0    500    250    499    437  488.5    370    499    500    500    500    500  489.5      0      0  497.5    500    500    500
      0      1      0      0    500      0    419  411.5    500      0      0      0      0      0    500      0    500  484.5      0    499      0  118.5    500      0    416      1    250    0.5    1.5      0    9.5  246.5    495    500    500    2.5      0      0     13     40    500    500
      0  361.5      1      0    500   10.5    500    500    500      0      0      3    0.5      0    500      0    500    500   22.5    500      0    499    500      0    500     63  499.5    250    450    138  491.5    500    500    500    500  455.5      0      0  490.5  497.5    500    500
      0    113      0      0    500      0    500    500    500      0      0      1      0      0    500      0    500    500    1.5    500      0    496    500      0    500   11.5  498.5     50    250   23.5    414    497    500    500    500    259      0      0  420.5  481.5    500    500
      0  436.5      2      0    500     23    500    500    500      0      2    9.5      0      0    500      0    500    500   49.5    500      0    500    500      0    500    130    500    362  476.5    250    498    500    500    500    500    478      0      0    496  498.5    500    500
      0   28.5      0      0    500      0    499    497    500      0      0      0      0      0    500      0    500    500      0    500      0    459    500      0  497.5      1  490.5    8.5     86      2    250  488.5    500    500    500     85      0      0  240.5    400    500    500
      0      1      0      0    500      0  426.5    415    500      0      0      0      0      0    500      0    500    485      0    498      0  111.5    500      0  417.5      0  253.5      0      3      0   11.5    250  494.5    500  499.5      2      0      0     14   41.5    499    500
      0      0      0      0  499.5      0     40   35.5    497      0      0      0      0      0    500      0    499  125.5      0  367.5      0      0    497      0     36      0      5      0      0      0      0    5.5    250  499.5    451      0      0      0      0      0    456  488.5
      0      0      0      0   53.5      0      0      0     13      0      0      0      0      0  251.5      0  133.5      0      0      0      0      0     14      0      0      0      0      0      0      0      0      0    0.5    250    0.5      0      0      0      0      0    1.5    3.5
      0      0      0      0  490.5      0    2.5    3.5    465      0      0      0      0      0  499.5      0    494     11      0    114      0      1  461.5      0      4      0      0      0      0      0      0    0.5     49  499.5    250      0      0      0      0      0    254    396
      0    102      0      0    500    1.5    500    500    500      0      0      1      0      0    500      0    500    500    0.5    500      0  489.5    500      0    500   10.5  497.5   44.5    241     22    415    498    500    500    500    250      0      0  413.5    475    500    500
     27    500    488   28.5    500  496.5    500    500    500    2.5  453.5    493    245    5.5    500  390.5    500    500    500    500    100    500    500   26.5    500    500    500    500    500    500    500    500    500    500    500    500    250     29    500    500    500    500
  246.5    500  499.5  249.5    500    500    500    500    500     64  495.5    500    467   98.5    500  493.5    500    500    500    500    411    500    500  258.5    500    500    500    500    500    500    500    500    500    500    500    500    471    250    500    500    500    500
      0   22.5      0      0    500    0.5  499.5  495.5    500      0      0      0      0      0    500      0    500    500      0    500      0    453    500      0    498    2.5    487    9.5   79.5      4  259.5    486    500    500    500   86.5      0      0    250    384    500    500
      0      4      0      0    500      0  493.5  490.5    500      0      0      0      0      0    500      0    500    499      0    500      0    370    500      0    492      0    460    2.5   18.5    1.5    100  458.5    500    500    500     25      0      0    116    250    500    500
      0      0      0      0  491.5      0    2.5      3    461      0      0      0      0      0    499      0  497.5   16.5      0  110.5      0      0    463      0    2.5      0      0      0      0      0      0      1     44  498.5    246      0      0      0      0      0    250    387
      0      0      0      0    463      0      0    0.5  386.5      0      0      0      0      0  496.5      0  486.5    4.5      0     38      0      0  398.5      0    1.5      0      0      0      0      0      0      0   11.5  496.5    104      0      0      0      0      0    113    250

