COMPONENT 1
Central weak order
10 > {5 9} > 36 > 24 > 15 > {2 21 30} > 26 > 32 > 8 > 16 > 17 > 14 > 1 > {12 19 20} > {22 25} > 6 > 28 > 23 > 13 > {3 33 35} > {7 31} > 18 > 4 > {27 34} > 11 > 29
Weight
0.334
Pairwise count matrix
    167      0    334    334      0  332.5    334      1      0      0    334  273.5    334     81      0     10     28    334    274    276      0  323.5    333      0  325.5    0.5    334    334    334      0    334      1    334    334    334      0
    334    167    334    334    1.5    334    334  325.5    2.5    0.5    334    334    334    334   56.5    332    333    334    334    334  154.5    334    334     16    334  270.5    334    334    334    150    334  313.5    334    334    334    3.5
      0      0    167    331      0      3  287.5      0      0      0  333.5      0   54.5      0      0      0      0    319      0      0      0      0     21      0      0      0  332.5    4.5    334      0  287.5      0  167.5  333.5    168      0
      0      0      3    167      0      0     24      0      0      0  311.5      0      1      0      0      0      0   71.5      0      0      0      0      0      0      0      0    268      0  328.5      0     27      0    1.5  269.5    3.5      0
    334  332.5    334    334    167    334    334    334  165.5    101    334    334    334    334    326    334    334    334    334    334  332.5    334    334  308.5    334    334    334    334    334    331    334    334    334    334    334  270.5
    1.5      0    331    334      0    167  333.5      0      0      0    334     10  320.5    0.5      0      0      0    334     11   11.5      0     50  297.5      0     67      0    334    245    334      0    334      0  332.5    334    332      0
      0      0   46.5    310      0    0.5    167      0      0      0  333.5      0     10      0      0      0      0  259.5      0      0      0      0      3      0      0      0    327      0    334      0  161.5      0     35  327.5     42      0
    333    8.5    334    334      0    334    334    167      0      0    334    334    334  321.5    2.5    240    298    334    334  333.5      7    334    334      1    334   23.5    334    334    334      6    334   90.5    334    334    334      0
    334  331.5    334    334  168.5    334    334    334    167    105    334    334    334    334  324.5    334    334    334    334    334  332.5    334    334  305.5    334  333.5    334    334    334    331    334    334    334    334    334    275
    334  333.5    334    334    233    334    334    334    229    167    334    334    334    334  329.5    334    334    334    334    334  333.5    334    334    322    334    334    334    334    334  332.5    334    334    334    334    334    304
      0      0    0.5   22.5      0      0    0.5      0      0      0    167      0      0      0      0      0      0    5.5      0      0      0      0      0      0      0      0     71      0    218      0      2      0      0     79      0      0
   60.5      0    334    334      0    324    334      0      0      0    334    167    333     23      0    2.5    6.5    334  174.5  169.5      0    282    332      0  302.5      0    334    330    334      0    334    0.5    334    334    334      0
      0      0  279.5    333      0   13.5    324      0      0      0    334      1    167      0      0      0      0    331      0      0      0      1     83      0      0      0  333.5     35    334      0  324.5      0    284    334  278.5      0
    253      0    334    334      0  333.5    334   12.5      0      0    334    311    334    167      0     35     78    334  315.5    308      0    327    334      0  329.5    2.5    334    334    334      1    334      5    334    334    334      0
    334  277.5    334    334      8    334    334  331.5    9.5    4.5    334    334    334    334    167    334    334    334    334    334    278    334    334     70    334    324    334    334    334  262.5    334    331    334    334    334     30
    324      2    334    334      0    334    334     94      0      0    334  331.5    334    299      0    167    257    334    333    331      3    334    334      0    334     16    334    334    334    2.5    334     52    334    334    334      0
    306      1    334    334      0    334    334     36      0      0    334  327.5    334    256      0     77    167    334    327  326.5    1.5  333.5    334      0  333.5      5    334    334    334    1.5    334     14    334    334    334      0
      0      0     15  262.5      0      0   74.5      0      0      0  328.5      0      3      0      0      0      0    167      0      0      0      0      1      0      0      0    307      0    332      0     69      0     16    312   13.5      0
     60      0    334    334      0    323    334      0      0      0    334  159.5    334   18.5      0      1      7    334    167  166.5      0  279.5  333.5      0    296      0    334    332    334      0    334      0    334    334    334      0
     58      0    334    334      0  322.5    334    0.5      0      0    334  164.5    334     26      0      3    7.5    334  167.5    167      0  286.5    333      0    291      1    334    333    334      0    334      1    334    334    334      0
    334  179.5    334    334    1.5    334    334    327    1.5    0.5    334    334    334    334     56    331  332.5    334    334    334    167    334    334   20.5    334  275.5    334    334    334    156    334    314    334    334    334    5.5
   10.5      0    334    334      0    284    334      0      0      0    334     52    333      7      0      0    0.5    334   54.5   47.5      0    167  331.5      0  189.5      0    334    318    334      0    334      0    334    334  333.5      0
      1      0    313    334      0   36.5    331      0      0      0    334      2    251      0      0      0      0    333    0.5      1      0    2.5    167      0      9      0    334   75.5    334      0    332      0  313.5    334  318.5      0
    334    318    334    334   25.5    334    334    333   28.5     12    334    334    334    334    264    334    334    334    334    334  313.5    334    334    167    334    331    334    334    334  304.5    334  333.5    334    334    334   83.5
    8.5      0    334    334      0    267    334      0      0      0    334   31.5    334    4.5      0      0    0.5    334     38     43      0  144.5    325      0    167      0    334  312.5    334      0  333.5      0    334    334    334      0
  333.5   63.5    334    334      0    334    334  310.5    0.5      0    334    334    334  331.5     10    318    329    334    334    333   58.5    334    334      3    334    167    334    334    334     48    334    263    334    334    334      1
      0      0    1.5     66      0      0      7      0      0      0    263      0    0.5      0      0      0      0     27      0      0      0      0      0      0      0      0    167      0    294      0      8      0      0  170.5    1.5      0
      0      0  329.5    334      0     89    334      0      0      0    334      4    299      0      0      0      0    334      2      1      0     16  258.5      0   21.5      0    334    167    334      0  333.5      0  328.5    334  330.5      0
      0      0      0    5.5      0      0      0      0      0      0    116      0      0      0      0      0      0      2      0      0      0      0      0      0      0      0     40      0    167      0    0.5      0      0   46.5      0      0
    334    184    334    334      3    334    334    328      3    1.5    334    334    334    333   71.5  331.5  332.5    334    334    334    178    334    334   29.5    334    286    334    334    334    167    334  316.5    334    334    334     12
      0      0   46.5    307      0      0  172.5      0      0      0    332      0    9.5      0      0      0      0    265      0      0      0      0      2      0    0.5      0    326    0.5  333.5      0    167      0     42    325   46.5      0
    333   20.5    334    334      0    334    334  243.5      0      0    334  333.5    334    329      3    282    320    334    334    333     20    334    334    0.5    334     71    334    334    334   17.5    334    167    334    334    334      0
      0      0  166.5  332.5      0    1.5    299      0      0      0    334      0     50      0      0      0      0    318      0      0      0      0   20.5      0      0      0    334    5.5    334      0    292      0    167    334  163.5      0
      0      0    0.5   64.5      0      0    6.5      0      0      0    255      0      0      0      0      0      0     22      0      0      0      0      0      0      0      0  163.5      0  287.5      0      9      0      0    167    0.5      0
      0      0    166  330.5      0      2    292      0      0      0    334      0   55.5      0      0      0      0  320.5      0      0      0    0.5   15.5      0      0      0  332.5    3.5    334      0  287.5      0  170.5  333.5    167      0
    334  330.5    334    334   63.5    334    334    334     59     30    334    334    334    334    304    334    334    334    334    334  328.5    334    334  250.5    334    333    334    334    334    322    334    334    334    334    334    167

COMPONENT 2
Central weak order
9 > 25 > 35 > 4 > {2 14} > 18 > 22 > 10 > 17 > 13 > 7 > {6 11} > {29 30} > 16 > {12 19 28} > 8 > {32 33} > 34 > 1 > 21 > {23 24} > 5 > 27 > 31 > 26 > 20 > 15 > 36 > 3
Weight
0.333
Pairwise count matrix
  166.5      0    333      0    325      0      0    7.5      0      0      0      2      0      0    333      0      0      0      2    333    249      0    308    304      0    333  330.5      1      0      0    333     24     24     88      0    333
    333  166.5    333     71    333    333    333    333    6.5  324.5    333    333  332.5  164.5    333    333    331    258    333    333    333    308    333    333    9.5    333    333    333    333    333    333    333    333    333     22    333
      0      0  166.5      0      1      0      0      0      0      0      0      0      0      0     52      0      0      0      0   18.5      0      0      0      0      0    6.5    0.5      0      0      0    3.5      0      0      0      0    110
    333    262    333  166.5    333    333    333    333     20    329    333    333    333    257    333    333  332.5    308    333    333    333    324    333    333   37.5    333    333    333    333    333    333    333    333    333     87    333
      8      0    332      0  166.5      0      0      0      0      0      0      0      0      0    332      0      0      0      0    330     18      0     70   58.5      0  325.5  254.5      0      0      0  300.5    0.5    0.5      2      0    333
    333      0    333      0    333  166.5     69  332.5      0    6.5    163    330     24      0    333  320.5      8      0    332    333    333    1.5    333    333      0    333    333    331  284.5    277    333    333    333    333      0    333
    333      0    333      0    333    264  166.5    333      0     14  262.5  332.5     75      1    333    332   30.5    0.5    333    333    333    6.5    333    333      0    333    333    333    320    321    333    333    333    333      0    333
  325.5      0    333      0    333    0.5      0  166.5      0      0    0.5   58.5      0      0    333   10.5      0      0   63.5    333  330.5      0  332.5  332.5      0    333    333     61      1    1.5    333  270.5    264  308.5      0    333
    333  326.5    333    313    333    333    333    333  166.5    333    333    333    333  326.5    333    333    333  332.5    333    333    333  332.5    333    333    218    333    333    333    333    333    333    333    333    333    269    333
    333    8.5    333      4    333  326.5    319    333      0  166.5  328.5    333    283   10.5    333    333  235.5   32.5    333    333    333     74    333    333      0    333    333    333  332.5  330.5    333    333    333    333      0    333
    333      0    333      0    333    170   70.5  332.5      0    4.5  166.5  330.5   32.5      0    333    322   10.5      0  330.5    333    333      1    333    333      0    333    333  331.5    287    270    333    333    333    333      0    333
    331      0    333      0    333      3    0.5  274.5      0      0    2.5  166.5      0      0    333   48.5      0      0  172.5    333  332.5      0    333    333      0    333    333  168.5   14.5     13    333  314.5    313  326.5      0    333
    333    0.5    333      0    333    309    258    333      0     50  300.5    333  166.5    1.5    333  332.5     90      4    333    333    333     13    333    333      0    333    333    333  328.5  324.5    333    333    333    333      0    333
    333  168.5    333     76    333    333    332    333    6.5  322.5    333    333  331.5  166.5    333    333  329.5    262    333    333    333    305    333    333     10    333    333    333    333    333    333    333    333    333     26    333
      0      0    281      0      1      0      0      0      0      0      0      0      0      0  166.5      0      0      0      0   72.5      0      0      0      0      0   34.5      3      0      0      0   13.5      0      0      0      0    255
    333      0    333      0    333   12.5      1  322.5      0      0     11  284.5    0.5      0    333  166.5      0      0  290.5    333    333      0    333    333      0    333    333    286     69     64    333    330  330.5  331.5      0    333
    333      2    333    0.5    333    325  302.5    333      0   97.5  322.5    333    243    3.5    333    333  166.5   11.5    333    333    333   34.5    333    333      0    333    333    333  332.5    331    333    333    333    333      0    333
    333     75    333     25    333    333  332.5    333    0.5  300.5    333    333    329     71    333    333  321.5  166.5    333    333    333    253    333    333    2.5    333    333    333    333    333    333    333    333    333      8    333
    331      0    333      0    333      1      0  269.5      0      0    2.5  160.5      0      0    333   42.5      0      0  166.5    333    333      0    333    333      0    333    333  158.5     12   10.5    333    318  310.5    326      0    333
      0      0  314.5      0      3      0      0      0      0      0      0      0      0      0  260.5      0      0      0      0  166.5    0.5      0      1      1      0     87     12      0      0      0   37.5      0      0      0      0  307.5
     84      0    333      0    315      0      0    2.5      0      0      0    0.5      0      0    333      0      0      0      0  332.5  166.5      0  266.5    264      0  332.5    331      0      0      0  331.5    7.5    9.5     34      0    333
    333     25    333      9    333  331.5  326.5    333    0.5    259    332    333    320     28    333    333  298.5     80    333    333    333  166.5    333    333      1    333    333    333    333    333    333    333    333    333      1    333
     25      0    333      0    263      0      0    0.5      0      0      0      0      0      0    333      0      0      0      0    332   66.5      0  166.5  150.5      0  331.5  304.5      0      0      0    324      1      2    8.5      0    333
     29      0    333      0  274.5      0      0    0.5      0      0      0      0      0      0    333      0      0      0      0    332     69      0  182.5  166.5      0  330.5    311      0      0      0  325.5    3.5    2.5    8.5      0    333
    333  323.5    333  295.5    333    333    333    333    115    333    333    333    333    323    333    333    333  330.5    333    333    333    332    333    333  166.5    333    333    333    333    333    333    333    333    333  243.5    333
      0      0  326.5      0    7.5      0      0      0      0      0      0      0      0      0  298.5      0      0      0      0    246    0.5      0    1.5    2.5      0  166.5   35.5      0      0      0   95.5      0      0      0      0    322
    2.5      0  332.5      0   78.5      0      0      0      0      0      0      0      0      0    330      0      0      0      0    321      2      0   28.5     22      0  297.5  166.5      0      0      0    255      0      0      0      0    332
    332      0    333      0    333      2      0    272      0      0    1.5  164.5      0      0    333     47      0      0  174.5    333    333      0    333    333      0    333    333  166.5   15.5   12.5    333    317    316    328      0    333
    333      0    333      0    333   48.5     13    332      0    0.5     46  318.5    4.5      0    333    264    0.5      0    321    333    333      0    333    333      0    333    333  317.5  166.5  159.5    333    331    333  332.5      0    333
    333      0    333      0    333     56     12  331.5      0    2.5     63    320    8.5      0    333    269      2      0  322.5    333    333      0    333    333      0    333    333  320.5  173.5  166.5    333  332.5    333    332      0    333
      0      0  329.5      0   32.5      0      0      0      0      0      0      0      0      0  319.5      0      0      0      0  295.5    1.5      0      9    7.5      0  237.5     78      0      0      0  166.5      0      0      0      0    327
    309      0    333      0  332.5      0      0   62.5      0      0      0   18.5      0      0    333      3      0      0     15    333  325.5      0    332  329.5      0    333    333     16      2    0.5    333  166.5  160.5  262.5      0    333
    309      0    333      0  332.5      0      0     69      0      0      0     20      0      0    333    2.5      0      0   22.5    333  323.5      0    331  330.5      0    333    333     17      0      0    333  172.5  166.5  266.5      0    333
    245      0    333      0    331      0      0   24.5      0      0      0    6.5      0      0    333    1.5      0      0      7    333    299      0  324.5  324.5      0    333    333      5    0.5      1    333   70.5   66.5  166.5      0    333
    333    311    333    246    333    333    333    333     64    333    333    333    333    307    333    333    333    325    333    333    333    332    333    333   89.5    333    333    333    333    333    333    333    333    333  166.5    333
      0      0    223      0      0      0      0      0      0      0      0      0      0      0     78      0      0      0      0   25.5      0      0      0      0      0     11      1      0      0      0      6      0      0      0      0  166.5

COMPONENT 3
Central weak order
{7 26 31} > 8 > 33 > 27 > 13 > 9 > 30 > 5 > {14 22} > 29 > 36 > 24 > 10 > 3 > 19 > 28 > 16 > 11 > 18 > 2 > 6 > {21 35} > 4 > 1 > 17 > 15 > 20 > {12 32} > 25 > {23 34}
Weight
0.333
Pairwise count matrix
  166.5      3      0   84.5      0    5.5      0      0      0      0      1  329.5      0      0  300.5      0  257.5      0      0    322     23      0    333      0    332      0      0      0      0      0      0  331.5      0    333     33      0
    330  166.5      0    326      0  236.5      0      0      0      0     30    333      0      0  332.5   10.5    332   77.5      0    333  313.5      0    333      0    333      0      0      4      0      0      0    333      0    333    311      0
    333    333  166.5    333      0    333      0      0      0   87.5  327.5    333      0    2.5    333    320    333  332.5  240.5    333    333      0    333   38.5    333      0      0  295.5      7      0      0    333      0    333    333   12.5
  248.5      7      0  166.5      0   15.5      0      0      0      0    0.5    333      0      0    319      0    297    1.5      0  331.5   65.5      0    333      0    333      0      0      0      0      0      0  332.5      0    333   71.5      0
    333    333    333    333  166.5    333      0      0   39.5    333    333    333   14.5  273.5    333    333    333    333    333    333    333    270    333    331    333      0    2.5    333    314     97      0    333    1.5    333    333    328
  327.5   96.5      0  317.5      0  166.5      0      0      0      0     15    333      0      0    333    3.5  332.5     46    0.5    333  275.5      0    333      0    333      0      0    1.5      0      0      0    333      0    333    275      0
    333    333    333    333    333    333  166.5    270    332    333    333    333    330    333    333    333    333    333    333    333    333    333    333    333    333    174    325    333    333    333    175    333    311    333    333    333
    333    333    333    333    333    333     63  166.5  329.5    333    333    333    323    333    333    333    333    333    333    333    333    333    333    333    333     63    299    333    333  332.5   72.5    333    253    333    333    333
    333    333    333    333  293.5    333      1    3.5  166.5    333    333    333     90    325    333    333    333    333    333    333    333  323.5    333    333    333      1     36    333    330    253    0.5    333     17    333    333    333
    333    333  245.5    333      0    333      0      0      0  166.5  331.5    333      0      2    333    328    333    333  290.5    333    333    4.5    333   88.5    333      0      0    320     18      0      0    333      0    333    333     34
    332    303    5.5  332.5      0    318      0      0      0    1.5  166.5    333      0      0    333     86    333  256.5     14    333    332      0    333    0.5    333      0      0     43      0      0      0    333      0    333    330      1
    3.5      0      0      0      0      0      0      0      0      0      0  166.5      0      0   23.5      0      9      0      0   65.5      0      0    304      0    264      0      0      0      0      0      0  161.5      0    310    0.5      0
    333    333    333    333  318.5    333      3     10    243    333    333    333  166.5    330    333    333    333    333    333    333    333    331    333    333    333      2     76    333    332    294      4    333   38.5    333    333    333
    333    333  330.5    333   59.5    333      0      0      8    331    333    333      3  166.5    333    333    333    333    332    333    333  171.5    333  325.5    333      0      1    333    268   29.5      0    333      0    333    333  313.5
   32.5    0.5      0     14      0      0      0      0      0      0      0  309.5      0      0  166.5      0   82.5      0      0    259      2      0    331      0    326      0      0      0      0      0      0    305      0    332    4.5      0
    333  322.5     13    333      0  329.5      0      0      0      5    247    333      0      0    333  166.5    333    291   31.5    333    333      0    333      1    333      0      0     90      0      0      0    333      0    333    333    0.5
   75.5      1      0     36      0    0.5      0      0      0      0      0    324      0      0  250.5      0  166.5      0      0    300      7      0  332.5      0    330      0      0      0      0      0      0  323.5      0  332.5    9.5      0
    333  255.5    0.5  331.5      0    287      0      0      0      0   76.5    333      0      0    333     42    333  166.5    1.5    333    328      0    333      0    333      0      0     15      0      0      0    333      0    333  322.5      0
    333    333   92.5    333      0  332.5      0      0      0   42.5    319    333      0      1    333  301.5    333  331.5  166.5    333    333      0    333     11    333      0      0    251    2.5      0      0    333      0    333    333      3
     11      0      0    1.5      0      0      0      0      0      0      0  267.5      0      0     74      0     33      0      0  166.5    0.5      0    324      0  311.5      0      0      0      0      0      0  254.5      0    325      1      0
    310   19.5      0  267.5      0   57.5      0      0      0      0      1    333      0      0    331      0    326      5      0  332.5  166.5      0    333      0    333      0      0      0      0      0      0    333      0    333    172      0
    333    333    333    333     63    333      0      0    9.5  328.5    333    333      2  161.5    333    333    333    333    333    333    333  166.5    333  322.5    333      0      1  332.5  267.5     24      0    333      0    333    333  307.5
      0      0      0      0      0      0      0      0      0      0      0     29      0      0      2      0    0.5      0      0      9      0      0  166.5      0     84      0      0      0      0      0      0   24.5      0  165.5      0      0
    333    333  294.5    333      2    333      0      0      0  244.5  332.5    333      0    7.5    333    332    333    333    322    333    333   10.5    333  166.5    333      0      0    329     40    0.5      0    333      0    333    333   78.5
      1      0      0      0      0      0      0      0      0      0      0     69      0      0      7      0      3      0      0   21.5      0      0    249      0  166.5      0      0      0      0      0      0   63.5      0    256      0      0
    333    333    333    333    333    333    159    270    332    333    333    333    331    333    333    333    333    333    333    333    333    333    333    333    333  166.5  324.5    333    333    333    165    333  308.5    333    333    333
    333    333    333    333  330.5    333      8     34    297    333    333    333    257    332    333    333    333    333    333    333    333    332    333    333    333    8.5  166.5    333    333    323   13.5    333   88.5    333    333    333
    333    329   37.5    333      0  331.5      0      0      0     13    290    333      0      0    333    243    333    318     82    333    333    0.5    333      4    333      0      0  166.5      0      0      0    333      0    333  332.5      0
    333    333    326    333     19    333      0      0      3    315    333    333      1     65    333    333    333    333  330.5    333    333   65.5    333    293    333      0      0    333  166.5     10      0    333      0    333    333    248
    333    333    333    333    236    333      0    0.5     80    333    333    333     39  303.5    333    333    333    333    333    333    333    309    333  332.5    333      0     10    333    323  166.5      0    333    2.5    333    333    331
    333    333    333    333    333    333    158  260.5  332.5    333    333    333    329    333    333    333    333    333    333    333    333    333    333    333    333    168  319.5    333    333    333  166.5    333  302.5    333    333    333
    1.5      0      0    0.5      0      0      0      0      0      0      0  171.5      0      0     28      0    9.5      0      0   78.5      0      0  308.5      0  269.5      0      0      0      0      0      0  166.5      0    311      0      0
    333    333    333    333  331.5    333     22     80    316    333    333    333  294.5    333    333    333    333    333    333    333    333    333    333    333    333   24.5  244.5    333    333  330.5   30.5    333  166.5    333    333    333
      0      0      0      0      0      0      0      0      0      0      0     23      0      0      1      0    0.5      0      0      8      0      0  167.5      0     77      0      0      0      0      0      0     22      0  166.5      0      0
    300     22      0  261.5      0     58      0      0      0      0      3  332.5      0      0  328.5      0  323.5   10.5      0    332    161      0    333      0    333      0      0    0.5      0      0      0    333      0    333  166.5      0
    333    333  320.5    333      5    333      0      0      0    299    332    333      0   19.5    333  332.5    333    333    330    333    333   25.5    333  254.5    333      0      0    333     85      2      0    333      0    333    333  166.5

