COMPONENT 1
Central weak order
{8 13 22} > 17 > 7 > 16 > 10 > 25 > 23 > 20 > 6 > 5 > 15 > 9 > 30 > {2 14} > 28 > {3 21} > 26 > {18 24 27} > {4 19} > 12 > 11 > 1 > 29
Weight
0.500
Pairwise count matrix
    250      0      0      5      0      0      0      0      0      0    104     37      0      0      0      0      0    2.5     10      0      0      0      0      1      0      0      1      0  339.5      0
    500    250    476    500    2.5    0.5      0      0   23.5      0    500    500      0  248.5    8.5      0      0  499.5    500      1  474.5      0      0    500      0    497    499  412.5    500   83.5
    500     24    250  496.5      0      0      0      0      0      0  499.5    499      0   24.5      1      0      0    476    496      0    233      0      0  482.5      0  409.5  478.5     87    500    3.5
    495      0    3.5    250      0      0      0      0      0      0  464.5  413.5      0      0      0      0      0     64    263      0    1.5      0      0     57      0   11.5     69      0  496.5      0
    500  497.5    500    500    250  104.5      0      0  455.5      2    500    500      0    498  377.5      0      0    500    500   39.5    500      0   10.5    500    3.5    500    500    500    500  483.5
    500  499.5    500    500  395.5    250    0.5      0    484    6.5    500    500      0    499  453.5      1      0    500    500    123    500      0   43.5    500   17.5    500    500    500    500    494
    500    500    500    500    500  499.5    250   31.5    500    459    500    500   29.5    500    500    386    109    500    500    498    500     28    494    500    486    500    500    500    500    500
    500    500    500    500    500    500  468.5    250    500  497.5    500    500    244    500    500  489.5    414    500    500    500    500  234.5    499    500    499    500    500    500    500    500
    500  476.5    500    500   44.5     16      0      0    250      0    500    500      0    476  123.5      0      0    500    500      7  499.5      0    1.5    500    0.5    500    500  496.5    500    390
    500    500    500    500    498  493.5     41    2.5    500    250    500    500      5    500  499.5  116.5     11    500    500  483.5    500    2.5  446.5    500    377    500    500    500    500    500
    396      0    0.5   35.5      0      0      0      0      0      0    250    110      0      0      0      0      0      4   36.5      0      0      0      0      4      0      0    4.5      0  435.5      0
    463      0      1   86.5      0      0      0      0      0      0    390    250      0      0      0      0      0   17.5   92.5      0      0      0      0   12.5      0      2   18.5      0  478.5      0
    500    500    500    500    500    500  470.5    256    500    495    500    500    250    500    500  488.5    414    500    500    500    500    245    499    500    499    500    500    500    500    500
    500  251.5  475.5    500      2      1      0      0     24      0    500    500      0    250    7.5      0      0    500    500    1.5  475.5      0      0    500      0  496.5    499  414.5    500     80
    500  491.5    499    500  122.5   46.5      0      0  376.5    0.5    500    500      0  492.5    250      0      0    500    500     17    500      0    3.5    500      1    500    500  498.5    500  456.5
    500    500    500    500    500    499    114   10.5    500  383.5    500    500   11.5    500    500    250     39    500    500  498.5    500     12  486.5    500    463    500    500    500    500    500
    500    500    500    500    500    500    391     86    500    489    500    500     86    500    500    461    250    500    500    500    500     88  498.5    500  496.5    500    500    500    500    500
  497.5    0.5     24    436      0      0      0      0      0      0    496  482.5      0      0      0      0      0    250    433      0     18      0      0  257.5      0   85.5  275.5    5.5  499.5      0
    490      0      4    237      0      0      0      0      0      0  463.5  407.5      0      0      0      0      0     67    250      0      1      0      0   57.5      0     12     73    1.5    496      0
    500    499    500    500  460.5    377      2      0    493   16.5    500    500      0  498.5    483    1.5      0    500    500    250    500      0   91.5    500   39.5    500    500    500    500  497.5
    500   25.5    267  498.5      0      0      0      0    0.5      0    500    500      0   24.5      0      0      0    482    499      0    250      0      0    487      0  426.5    485   90.5    500      7
    500    500    500    500    500    500    472  265.5    500  497.5    500    500    255    500    500    488    412    500    500    500    500    250  499.5    500  499.5    500    500    500    500    500
    500    500    500    500  489.5  456.5      6      1  498.5   53.5    500    500      1    500  496.5   13.5    1.5    500    500  408.5    500    0.5    250    500    113    500    500    500    500  499.5
    499      0   17.5    443      0      0      0      0      0      0    496  487.5      0      0      0      0      0  242.5  442.5      0     13      0      0    250      0     71    267      4  499.5      0
    500    500    500    500  496.5  482.5     14      1  499.5    123    500    500      1    500    499     37    3.5    500    500  460.5    500    0.5    387    500    250    500    500    500    500    500
    500      3   90.5  488.5      0      0      0      0      0      0    500    498      0    3.5      0      0      0  414.5    488      0   73.5      0      0    429      0    250  424.5   24.5    500    0.5
    499      1   21.5    431      0      0      0      0      0      0  495.5  481.5      0      1      0      0      0  224.5    427      0     15      0      0    233      0   75.5    250      5    500      0
    500   87.5    413    500      0      0      0      0    3.5      0    500    500      0   85.5    1.5      0      0  494.5  498.5      0  409.5      0      0    496      0  475.5    495    250    500   18.5
  160.5      0      0    3.5      0      0      0      0      0      0   64.5   21.5      0      0      0      0      0    0.5      4      0      0      0      0    0.5      0      0      0      0    250      0
    500  416.5  496.5    500   16.5      6      0      0    110      0    500    500      0    420   43.5      0      0    500    500    2.5    493      0    0.5    500      0  499.5    500  481.5    500    250

COMPONENT 2
Central weak order
{17 30} > 11 > 10 > {7 16} > {13 19} > 5 > 25 > 22 > 29 > {3 12} > 6 > 18 > 8 > 4 > 14 > 24 > 21 > {20 27} > 9 > 2 > 1 > {15 26 28} > 23
Weight
0.500
Pairwise count matrix
    250  104.5      0      0      0      0      0      0   34.5      0      0      0      0      0  409.5      0      0      0      0    8.5      2      0    463    0.5      0    406   13.5  408.5      0      0
  395.5    250      0      1      0      0      0      0    105      0      0      0      0    1.5  470.5      0      0      0      0   30.5    5.5      0  491.5    1.5      0    473     27  474.5      0      0
    500    500    250  495.5    1.5  413.5      0  490.5    500      0      0  248.5      0  499.5    500      0      0  472.5      0    500    500   32.5    500    500     11    500    500    500   95.5      0
    500    499    4.5    250      0   15.5      0    110    500      0      0      4      0  395.5    500      0      0   37.5      0  498.5  491.5      0    500  457.5      0    500  499.5    500      1      0
    500    500  498.5    500    250  499.5   12.5    500    500    2.5      0  498.5     85    500    500     14      0    500     75    500    500    465    500    500  381.5    500    500    500  485.5      0
    500    500   86.5  484.5    0.5    250      0  459.5    500      0      0     84      0    496    500      0      0    390      0    500    500      9    500    499      3    500    500    500     30      0
    500    500    500    500  487.5    500    250    500    500     79   23.5    500    434    500    500  238.5    7.5    500    421    500    500    499    500    500    495    500    500    500    500      6
    500    500    9.5    390      0   40.5      0    250    500      0      0     16      0  453.5    500      0      0    117      0  499.5  496.5      1    500    484      0    500  499.5    500    1.5      0
  465.5    395      0      0      0      0      0      0    250      0      0      0      0      0    490      0      0      0      0     90     17      0  497.5    4.5      0    492     98  490.5      0      0
    500    500    500    500  497.5    500    421    500    500    250  117.5    500  488.5    500    500  414.5     37    500  479.5    500    500    500    500    500  499.5    500    500    500    500   34.5
    500    500    500    500    500    500  476.5    500    500  382.5    250    500  496.5    500    500    475     98    500  494.5    500    500    500    500    500    500    500    500    500    500   97.5
    500    500  251.5    496    1.5    416      0    484    500      0      0    250    0.5    499    500      0      0  469.5      0    500    500   39.5    500    500     10    500    500    500     96      0
    500    500    500    500    415    500     66    500    500   11.5    3.5  499.5    250    500    500     68    0.5    500  231.5    500    500    489    500    500    466    500    500    500  497.5      0
    500  498.5    0.5  104.5      0      4      0   46.5    500      0      0      1      0    250    500      0      0    6.5      0    494  460.5      0    500    377      0    500    492    500      0      0
   90.5   29.5      0      0      0      0      0      0     10      0      0      0      0      0    250      0      0      0      0      1      0      0    365      0      0  224.5    2.5  244.5      0      0
    500    500    500    500    486    500  261.5    500    500   85.5     25    500    432    500    500    250      9    500    416    500    500  498.5    500    500  491.5    500    500    500    499    6.5
    500    500    500    500    500    500  492.5    500    500    463    402    500  499.5    500    500    491    250    500  498.5    500    500    500    500    500    500    500    500    500    500    240
    500    500   27.5  462.5      0    110      0    383    500      0      0   30.5      0  493.5    500      0      0    250      0    500  499.5    0.5    500  495.5      0    500    500    500    8.5      0
    500    500    500    500    425    500     79    500    500   20.5    5.5    500  268.5    500    500     84    1.5    500    250    500    500  493.5    500    500  466.5    500    500    500  499.5    1.5
  491.5  469.5      0    1.5      0      0      0    0.5    410      0      0      0      0      6    499      0      0      0      0    250   77.5      0    500   30.5      0  498.5    254    497      0      0
    498  494.5      0    8.5      0      0      0    3.5    483      0      0      0      0   39.5    500      0      0    0.5      0  422.5    250      0    500  108.5      0    500    424    500      0      0
    500    500  467.5    500     35    491      1    499    500      0      0  460.5     11    500    500    1.5      0  499.5    6.5    500    500    250    500    500    115    500    500    500  376.5      0
     37    8.5      0      0      0      0      0      0    2.5      0      0      0      0      0    135      0      0      0      0      0      0      0    250      0      0  106.5    0.5    126      0      0
  499.5  498.5      0   42.5      0      1      0     16  495.5      0      0      0      0    123    500      0      0    4.5      0  469.5  391.5      0    500    250      0    500    467    500      0      0
    500    500    489    500  118.5    497      5    500    500    0.5      0    490     34    500    500    8.5      0    500   33.5    500    500    385    500    500    250    500    500    500  452.5      0
     94     27      0      0      0      0      0      0      8      0      0      0      0      0  275.5      0      0      0      0    1.5      0      0  393.5      0      0    250      1  262.5      0      0
  486.5    473      0    0.5      0      0      0    0.5    402      0      0      0      0      8  497.5      0      0      0      0    246     76      0  499.5     33      0    499    250    498      0      0
   91.5   25.5      0      0      0      0      0      0    9.5      0      0      0      0      0  255.5      0      0      0      0      3      0      0    374      0      0  237.5      2    250      0      0
    500    500  404.5    499   14.5    470      0  498.5    500      0      0    404    2.5    500    500      1      0  491.5    0.5    500    500  123.5    500    500   47.5    500    500    500    250      0
    500    500    500    500    500    500    494    500    500  465.5  402.5    500    500    500    500  493.5    260    500  498.5    500    500    500    500    500    500    500    500    500    500    250

