COMPONENT 1
Central weak order
{20 32} > 5 > 7 > {25 34} > {1 17} > 29 > {15 33} > {13 31 35 36} > 2 > 28 > 3 > 26 > 18 > 21 > 10 > 19 > 4 > {6 30} > 27 > 23 > {14 24} > 22 > 12 > 11 > 16 > 9 > 8
Weight
0.571
Pairwise count matrix
  285.5  570.5    571    571    7.5    571     22    571    571    571    571    571  566.5    571    534    571    279    571    571      1    571    571    571    571     86    571    571    571  455.5    571    567      1    537   82.5    565  566.5
    0.5  285.5  514.5    571      0    571      0    571    571    570    571    571   94.5    571     16    571      1  562.5  570.5      0  568.5    571    571    571      0    556    571    432    5.5    571  102.5      0   12.5      0     97     93
      0   56.5  285.5    569      0  570.5      0    571    571    566    571    571   15.5    571      0    571      0  496.5    567      0    545    571    571    571      0    421    571    139      0  570.5     13      0      1      0     11   13.5
      0      0      2  285.5      0  455.5      0    571    571     64    571  570.5      0  568.5      0    571      0      8  152.5      0     28    571  561.5  569.5      0    1.5    531      0      0  455.5      0      0      0      0      0      0
  563.5    571    571    571  285.5    571  445.5    571    571    571    571    571    571    571  568.5    571    565    571    571    132    571    571    571    571  530.5    571    571    571    569    571    571    131    570    526    571    571
      0      0    0.5  115.5      0  285.5      0    571    571   16.5    571    571      0  559.5      0    571      0    2.5   46.5      0      8    567  526.5  560.5      0      1    466      0      0  298.5      0      0      0      0      0      0
    549    571    571    571  125.5    571  285.5    571    571    571    571    571    571    571    570    571  545.5    571    571   43.5    571    571    571    571    445    571    571    571    565    571    571   42.5    567  459.5  570.5  570.5
      0      0      0      0      0      0      0  285.5  191.5      0     44     14      0      0      0   80.5      0      0      0      0      0    4.5      0    0.5      0      0      0      0      0      0      0      0      0      0      0      0
      0      0      0      0      0      0      0  379.5  285.5      0   65.5   22.5      0      1      0  128.5      0      0      0      0      0    8.5      0      2      0      0      0      0      0      0      0      0      0      0      0      0
      0      1      5    507      0  554.5      0    571    571  285.5    571    571      0    571      0    571      0   53.5  432.5      0  147.5    571    569    571      0   21.5    567      2      0  553.5      0      0      0      0      0      0
      0      0      0      0      0      0      0    527  505.5      0  285.5    131      0   20.5      0  418.5      0      0      0      0      0   58.5      4   24.5      0      0    2.5      0      0      0      0      0      0      0      0      0
      0      0      0    0.5      0      0      0    557  548.5      0    440  285.5      0   47.5      0  514.5      0      0      0      0      0    139     14   43.5      0      0      5      0      0    0.5      0      0      0      0      0      0
    4.5  476.5  555.5    571      0    571      0    571    571    571    571    571  285.5    571   71.5    571      7  569.5    571      0    570    571    571    571      2  569.5    571    534   19.5    571    287      0     74    0.5  275.5  276.5
      0      0      0    2.5      0   11.5      0    571    570      0  550.5  523.5      0  285.5      0  565.5      0      0    0.5      0      0    450  105.5  279.5      0      0     40      0      0   14.5      0      0      0      0      0      0
     37    555    571    571    2.5    571      1    571    571    571    571    571  499.5    571  285.5    571     32    571    571    0.5    571    571    571    571    8.5    571    571    566  115.5    571    498    0.5    274      4  486.5    489
      0      0      0      0      0      0      0  490.5  442.5      0  152.5   56.5      0    5.5      0  285.5      0      0      0      0      0   24.5    1.5    6.5      0      0      0      0      0      0      0      0      0      0      0      0
    292    570    571    571      6    571   25.5    571    571    571    571    571    564    571    539    571  285.5    571    571    1.5    571    571    571    571     85    571    571    570  455.5    571    567    0.5  533.5     95    563    566
      0    8.5   74.5    563      0  568.5      0    571    571  517.5    571    571    1.5    571      0    571      0  285.5  549.5      0  439.5    571  570.5    571      0    154    570     30      0  568.5      1      0      0      0    1.5    1.5
      0    0.5      4  418.5      0  524.5      0    571    571  138.5    571    571      0  570.5      0    571      0   21.5  285.5      0   68.5    571  567.5  570.5      0    9.5    559    0.5      0  520.5      0      0      0      0      0      0
    570    571    571    571    439    571  527.5    571    571    571    571    571    571    571  570.5    571  569.5    571    571  285.5    571    571    571    571    559    571    571    571  570.5    571    571  287.5  570.5    560    571    571
      0    2.5     26    543      0    563      0    571    571  423.5    571    571      1    571      0    571      0  131.5  502.5      0  285.5    571    570    571      0     59  568.5      6      0  564.5    0.5      0      0      0      0      0
      0      0      0      0      0      4      0  566.5  562.5      0  512.5    432      0    121      0  546.5      0      0      0      0      0  285.5     37    119      0      0    9.5      0      0      2      0      0      0      0      0      0
      0      0      0    9.5      0   44.5      0    571    571      2    567    557      0  465.5      0  569.5      0    0.5    3.5      0      1    534  285.5  454.5      0      0  138.5      0      0   45.5      0      0      0      0      0      0
      0      0      0    1.5      0   10.5      0  570.5    569      0  546.5  527.5      0  291.5      0  564.5      0      0    0.5      0      0    452  116.5  285.5      0      0   50.5      0      0     13      0      0      0      0      0      0
    485    571    571    571   40.5    571    126    571    571    571    571    571    569    571  562.5    571    486    571    571     12    571    571    571    571  285.5    571    571    571  543.5    571    570   11.5  562.5  295.5  569.5    570
      0     15    150  569.5      0    570      0    571    571  549.5    571    571    1.5    571      0    571      0    417  561.5      0    512    571    571    571      0  285.5    571     62      0    570      5      0      0      0      1    2.5
      0      0      0     40      0    105      0    571    571      4  568.5    566      0    531      0    571      0      1     12      0    2.5  561.5  432.5  520.5      0      0  285.5      0      0    116      0      0      0      0      0      0
      0    139    432    571      0    571      0    571    571    569    571    571     37    571      5    571      1    541  570.5      0    565    571    571    571      0    509    571  285.5      2    571   37.5      0      3      0   31.5   35.5
  115.5  565.5    571    571      2    571      6    571    571    571    571    571  551.5    571  455.5    571  115.5    571    571    0.5    571    571    571    571   27.5    571    571    569  285.5    571    552      0  446.5     28  550.5  549.5
      0      0    0.5  115.5      0  272.5      0    571    571   17.5    571  570.5      0  556.5      0    571      0    2.5   50.5      0    6.5    569  525.5    558      0      1    455      0      0  285.5      0      0      0      0      0      0
      4  468.5    558    571      0    571      0    571    571    571    571    571    284    571     73    571      4    570    571      0  570.5    571    571    571      1    566    571  533.5     19    571  285.5      0     77      0  274.5    274
    570    571    571    571    440    571  528.5    571    571    571    571    571    571    571  570.5    571  570.5    571    571  283.5    571    571    571    571  559.5    571    571    571    571    571    571  285.5    571  559.5    571    571
     34  558.5    570    571      1    571      4    571    571    571    571    571    497    571    297    571   37.5    571    571    0.5    571    571    571    571    8.5    571    571    568  124.5    571    494      0  285.5    8.5    491  498.5
  488.5    571    571    571     45    571  111.5    571    571    571    571    571  570.5    571    567    571    476    571    571     11    571    571    571    571  275.5    571    571    571    543    571    571   11.5  562.5  285.5  569.5    570
      6    474    560    571      0    571    0.5    571    571    571    571    571  295.5    571   84.5    571      8  569.5    571      0    571    571    571    571    1.5    570    571  539.5   20.5    571  296.5      0     80    1.5  285.5  281.5
    4.5    478  557.5    571      0    571    0.5    571    571    571    571    571  294.5    571     82    571      5  569.5    571      0    571    571    571    571      1  568.5    571  535.5   21.5    571    297      0   72.5      1  289.5  285.5

COMPONENT 2
Central weak order
{25 36} > 18 > 5 > 15 > 14 > 35 > 28 > 21 > 6 > {23 31} > {4 12} > 8 > 10 > 11 > 16 > 33 > {2 3} > 7 > 17 > 32 > 1 > 20 > 24 > {9 19} > 22 > 34 > 29 > 30 > 26 > 13 > 27
Weight
0.286
Pairwise count matrix
    143    3.5    4.5      0      0      0    8.5      0    274      0      0      0    286      0      0    0.5     31      0    279    211      0  285.5      0  256.5      0    286    286      0    286    286      0     68      0    285      0      0
  282.5    143    141      0      0      0  226.5    0.5    286      1      8      0    286      0      0   19.5  266.5      0    286  285.5      0    286      0    285      0    286    286      0    286    286      0  278.5     50    286      0      0
  281.5    145    143      0      0      0    233    1.5    286    2.5    7.5      0    286      0      0   20.5  267.5      0    286    286      0    286      0    285      0    286    286      0    286    286      0    278     52    286      0      0
    286    286    286    143      0     16    286    214    286  262.5    279    136    286      0      0    284    286      0    286    286    5.5    286     43    286      0    286    286      1    286    286     53    286  284.5    286      0      0
    286    286    286    286    143    286    286    286    286    286    286    286    286    260    213    286    286   67.5    286    286    284    286    286    286   24.5    286    286    281    286    286    286    286    286    286  273.5     28
    286    286    286    270      0    143    286  283.5    286  284.5    286    271    286      6      1  285.5    286    0.5    286    286   74.5    286  225.5    286      0    286    286   34.5    286    286  222.5    286    286    286      9      0
  277.5   59.5     53      0      0      0    143      0    286      0    0.5      0    286      0      0    3.5    227      0    286    282      0    286      0    285      0    286    286      0    286    286      0  256.5   14.5    286      0      0
    286  285.5  284.5     72      0    2.5    286    143    286  223.5    267     55    286      0      0  274.5    286      0    286    286    1.5    286   18.5    286      0    286    286    0.5    286    286   18.5    286    285    286      0      0
     12      0      0      0      0      0      0      0    143      0      0      0    285      0      0      0      0      0  139.5   21.5      0  229.5      0     71      0  284.5    286      0    274  281.5      0      3      0  253.5      0      0
    286    285  283.5   23.5      0    1.5    286   62.5    286    143  220.5   18.5    286      0      0    254    286      0    286    286      1    286    5.5    286      0    286    286      0    286    286    4.5    286  273.5    286      0      0
    286    278  278.5      7      0      0  285.5     19    286   65.5    143    3.5    286      0      0  209.5    286      0    286    286      0    286      2    286      0    286    286      0    286    286      1    286  259.5    286      0      0
    286    286    286    150      0     15    286    231    286  267.5  282.5    143    286      0      0    284    286      0    286    286      6    286     47    286      0    286    286      1    286    286     54    286    286    286      0      0
      0      0      0      0      0      0      0      0      1      0      0      0    143      0      0      0      0      0      0      0      0    0.5      0      0      0   73.5    179      0   14.5     33      0      0      0    1.5      0      0
    286    286    286    286     26    280    286    286    286    286    286    286    286    143   69.5    286    286   11.5    286    286  270.5    286    285    286    0.5    286    286  260.5    286    286  284.5    286    286    286    214    2.5
    286    286    286    286     73    285    286    286    286    286    286    286    286  216.5    143    286    286     28    286    286    282    286    286    286     10    286    286  273.5    286    286    286    286    286    286    254    9.5
  285.5  266.5  265.5      2      0    0.5  282.5   11.5    286     32   76.5      2    286      0      0    143    284      0    286    286      0    286      0    286      0    286    286      0    286    286    0.5    285  214.5    286      0      0
    255   19.5   18.5      0      0      0     59      0    286      0      0      0    286      0      0      2    143      0    286  272.5      0    286      0    283      0    286    286      0    286    286      0  210.5    2.5    286      0      0
    286    286    286    286  218.5  285.5    286    286    286    286    286    286    286  274.5    258    286    286    143    286    286    285    286    286    286   57.5    286    286  284.5    286    286    286    286    286    286    282     60
      7      0      0      0      0      0      0      0  146.5      0      0      0    286      0      0      0      0      0    143     17      0    234      0     63      0    286    286      0  280.5    284      0      1      0    260      0      0
     75    0.5      0      0      0      0      4      0  264.5      0      0      0    286      0      0      0   13.5      0    269    143      0    281      0  219.5      0    286    286      0  285.5    286      0   33.5      0    282      0      0
    286    286    286  280.5      2  211.5    286  284.5    286    285    286    280    286   15.5      4    286    286      1    286    286    143    286    258    286      0    286    286     80    286    286  258.5    286    286    286     28      0
    0.5      0      0      0      0      0      0      0   56.5      0      0      0  285.5      0      0      0      0      0     52      5      0    143      0   22.5      0  283.5    285      0    252    277      0    0.5      0    213      0      0
    286    286    286    243      0   60.5    286  267.5    286  280.5    284    239    286      1      0    286    286      0    286    286     28    286    143    286      0    286    286   11.5    286    286    139    286    286    286      5      0
   29.5      1      1      0      0      0      1      0    215      0      0      0    286      0      0      0      3      0    223   66.5      0  263.5      0    143      0    286    286      0  284.5  285.5      0    7.5      0    274      0      0
    286    286    286    286  261.5    286    286    286    286    286    286    286    286  285.5    276    286    286  228.5    286    286    286    286    286    286    143    286    286    286    286    286    286    286    286    286  284.5    143
      0      0      0      0      0      0      0      0    1.5      0      0      0  212.5      0      0      0      0      0      0      0      0    2.5      0      0      0    143  240.5      0     31   75.5      0      0      0     10      0      0
      0      0      0      0      0      0      0      0      0      0      0      0    107      0      0      0      0      0      0      0      0      1      0      0      0   45.5    143      0      7   21.5      0      0      0    1.5      0      0
    286    286    286    285      5  251.5    286  285.5    286    286    286    285    286   25.5   12.5    286    286    1.5    286    286    206    286  274.5    286      0    286    286    143    286    286  275.5    286    286    286     65      0
      0      0      0      0      0      0      0      0     12      0      0      0  271.5      0      0      0      0      0    5.5    0.5      0     34      0    1.5      0    255    279      0    143    223      0      0      0   67.5      0      0
      0      0      0      0      0      0      0      0    4.5      0      0      0    253      0      0      0      0      0      2      0      0      9      0    0.5      0  210.5  264.5      0     63    143      0      0      0     31      0      0
    286    286    286    233      0   63.5    286  267.5    286  281.5    285    232    286    1.5      0  285.5    286      0    286    286   27.5    286    147    286      0    286    286   10.5    286    286    143    286    286    286      5      0
    218    7.5      8      0      0      0   29.5      0    283      0      0      0    286      0      0      1   75.5      0    285  252.5      0  285.5      0  278.5      0    286    286      0    286    286      0    143    2.5    286      0      0
    286    236    234    1.5      0      0  271.5      1    286   12.5   26.5      0    286      0      0   71.5  283.5      0    286    286      0    286      0    286      0    286    286      0    286    286      0  283.5    143    286      0      0
      1      0      0      0      0      0      0      0   32.5      0      0      0  284.5      0      0      0      0      0     26      4      0     73      0     12      0    276  284.5      0  218.5    255      0      0      0    143      0      0
    286    286    286    286   12.5    277    286    286    286    286    286    286    286     72     32    286    286      4    286    286    258    286    281    286    1.5    286    286    221    286    286    281    286    286    286    143    0.5
    286    286    286    286    258    286    286    286    286    286    286    286    286  283.5  276.5    286    286    226    286    286    286    286    286    286    143    286    286    286    286    286    286    286    286    286  285.5    143

COMPONENT 3
Central weak order
34 > {20 24} > 6 > 15 > 16 > 26 > {13 18 33} > 8 > {3 31} > {4 25 36} > 9 > {27 29} > 23 > {10 21} > {11 12} > 28 > 17 > 22 > {7 14} > 30 > {2 32} > 5 > 35 > 19 > 1
Weight
0.143
Pairwise count matrix
   71.5      3      0      0    5.5      0      0      0      0      0      0      0      0      0      0      0      0      0   51.5      0      0      0      0      0      0      0      0      0      0    0.5      0      1      0      0     20      0
    140   71.5      0      0    113      0    8.5      0      0      0      0      0      0      5      0      0    0.5      0  135.5      0      0      1      0      0      0      0      0      0      0     26      0     73      0      0  133.5      0
    143    143   71.5    118    143      0    143     25    136    143    143    143     10    143    0.5      0    143     10    143      0    143    143  142.5      0  124.5    1.5    141    143    142    143     71    143      8      0    143  119.5
    143    143     25   71.5    143      0    143    3.5    114  142.5    143  142.5      3    143      0      0    143    1.5    143      0    142    143  140.5      0   79.5    0.5  135.5    143  136.5    143   21.5    143    1.5      0    143     72
  137.5     30      0      0   71.5      0    1.5      0      0      0      0    0.5      0    2.5      0      0    0.5      0  124.5      0      0    0.5      0      0      0      0      0      0      0    8.5      0     31      0      0    108      0
    143    143    143    143    143   71.5    143    143    143    143    143    143  142.5    143    114  130.5    143    142    143   34.5    143    143    143     27    143    138    143    143    143    143    143    143    142     17    143    143
    143  134.5      0      0  141.5      0   71.5      0      0      0    0.5      0      0   68.5      0      0    7.5      0    143      0      0     27      0      0      0      0      0      4      0    110      0    137      0      0    143      0
    143    143    118  139.5    143      0    143   71.5  142.5    143    143    143     23    143    2.5    2.5    143   25.5    143      0    143    143    143      0    139      9    143    143    143    143    122    143   29.5      0    143    138
    143    143      7     29    143      0    143    0.5   71.5    141    143    143      0    143      0      0    143      0    143      0    142    143    136      0     31      0    116    143  114.5    143    8.5    143      0      0    143     23
    143    143      0    0.5    143      0    143      0      2   71.5    124    118      0    143      0      0    140      0    143      0     74  142.5     23      0      1      0     11    133      8    143      0    143      0      0    143      0
    143    143      0      0    143      0  142.5      0      0     19   71.5   59.5      0    142      0      0    128      0    143      0   24.5    139      4      0      0      0      1    113      0    142      0    143      0      0    143      0
    143    143      0    0.5  142.5      0    143      0      0     25   83.5   71.5      0    142      0      0    131      0    143      0     28  141.5    3.5      0      0      0    2.5    114      3    143      0    143      0      0    143      0
    143    143    133    140    143    0.5    143    120    143    143    143    143   71.5    143      3     10    143   75.5    143      0    143    143    143      0  142.5   27.5    143    143    143    143  136.5    143   77.5      0    143  142.5
    143    138      0      0  140.5      0   74.5      0      0      0      1      1      0   71.5      0      0    8.5      0  142.5      0      0   30.5      0      0      0      0      0    3.5      0  114.5      0  138.5      0      0    143      0
    143    143  142.5    143    143     29    143  140.5    143    143    143    143    140    143   71.5  100.5    143  136.5    143   14.5    143    143    143   14.5    143  124.5    143    143    143    143    143    143    139    9.5    143    143
    143    143    143    143    143   12.5    143  140.5    143    143    143    143    133    143   42.5   71.5    143  135.5    143    4.5    143    143    143      3    143    106    143    143    143    143    143    143    135      3    143    143
    143  142.5      0      0  142.5      0  135.5      0      0      3     15     12      0  134.5      0      0   71.5      0    143      0      4  111.5      1      0      0      0      0   38.5    0.5    141      0    143      0      0    143      0
    143    143    133  141.5    143      1    143  117.5    143    143    143    143   67.5    143    6.5    7.5    143   71.5    143    1.5    143    143    143    0.5  141.5     21    143    143    143    143  135.5    143   74.5      0    143  141.5
   91.5    7.5      0      0   18.5      0      0      0      0      0      0      0      0    0.5      0      0      0      0   71.5      0      0      0      0      0      0      0      0      0      0    1.5      0      5      0      0   39.5      0
    143    143    143    143    143  108.5    143    143    143    143    143    143    143    143  128.5  138.5    143  141.5    143   71.5    143    143    143   67.5    143  141.5    143    143    143    143    143    143    143     41    143    143
    143    143      0      1    143      0    143      0      1     69  118.5    115      0    143      0      0    139      0    143      0   71.5    141   21.5      0    0.5      0      6    132    8.5  142.5      0    143      0      0    143      0
    143    142      0      0  142.5      0    116      0      0    0.5      4    1.5      0  112.5      0      0   31.5      0    143      0      2   71.5      0      0      0      0      0   14.5      0  133.5      0    142      0      0    143      0
    143    143    0.5    2.5    143      0    143      0      7    120    139  139.5      0    143      0      0    142      0    143      0  121.5    143   71.5      0    2.5      0     27  140.5     30    143      0    143      0      0    143    1.5
    143    143    143    143    143    116    143    143    143    143    143    143    143    143  128.5    140    143  142.5    143   75.5    143    143    143   71.5    143  140.5    143    143    143    143    143    143    143     42    143    143
    143    143   18.5   63.5    143      0    143      4    112    142    143    143    0.5    143      0      0    143    1.5    143      0  142.5    143  140.5      0   71.5    0.5  133.5    143    135    143   18.5    143      1      0    143     60
    143    143  141.5  142.5    143      5    143    134    143    143    143    143  115.5    143   18.5     37    143    122    143    1.5    143    143    143    2.5  142.5   71.5    143    143    143    143  140.5    143  116.5      2    143    143
    143    143      2    7.5    143      0    143      0     27    132    142  140.5      0    143      0      0    143      0    143      0    137    143    116      0    9.5      0   71.5    142     72    143    0.5    143      0      0    143      6
    143    143      0      0    143      0    139      0      0     10     30     29      0  139.5      0      0  104.5      0    143      0     11  128.5    2.5      0      0      0      1   71.5      1  142.5      0    143      0      0    143      0
    143    143      1    6.5    143      0    143      0   28.5    135    143    140      0    143      0      0  142.5      0    143      0  134.5    143    113      0      8      0     71    142   71.5    143    1.5    143      0      0    143      6
  142.5    117      0      0  134.5      0     33      0      0      0      1      0      0   28.5      0      0      2      0  141.5      0    0.5    9.5      0      0      0      0      0    0.5      0   71.5      0  121.5      0      0    141      0
    143    143     72  121.5    143      0    143     21  134.5    143    143    143    6.5    143      0      0    143    7.5    143      0    143    143    143      0  124.5    2.5  142.5    143  141.5    143   71.5    143      7      0    143    125
    142     70      0      0    112      0      6      0      0      0      0      0      0    4.5      0      0      0      0    138      0      0      1      0      0      0      0      0      0      0   21.5      0   71.5      0      0  130.5      0
    143    143    135  141.5    143      1    143  113.5    143    143    143    143   65.5    143      4      8    143   68.5    143      0    143    143    143      0    142   26.5    143    143    143    143    136    143   71.5      1    143  142.5
    143    143    143    143    143    126    143    143    143    143    143    143    143    143  133.5    140    143    143    143    102    143    143    143    101    143    141    143    143    143    143    143    143    142   71.5    143    143
    123    9.5      0      0     35      0      0      0      0      0      0      0      0      0      0      0      0      0  103.5      0      0      0      0      0      0      0      0      0      0      2      0   12.5      0      0   71.5      0
    143    143   23.5     71    143      0    143      5    120    143    143    143    0.5    143      0      0    143    1.5    143      0    143    143  141.5      0     83      0    137    143    137    143     18    143    0.5      0    143   71.5

