COMPONENT 1
Central weak order
25 > 29 > 15 > 2 > 22 > 26 > 9 > 12 > 19 > 33 > 32 > 36 > 11 > 17 > 23 > 27 > 16 > 30 > 21 > 1 > {5 24} > 18 > {3 10} > 31 > {4 13} > 34 > {20 28} > 14 > 35 > 8 > 6 > 7
Weight
0.667
Pairwise count matrix
  333.5      0  656.5    667  542.5    667    667    667      0  654.5      0      0  666.5    667      0     28    0.5    623      0    667  177.5      0      4    529      0      0     12    667      0   76.5    664      0      0    667    667      0
    667  333.5    667    667    667    667    667    667  639.5    667    667  662.5    667    667  162.5    667    667    667  665.5    667    667    512    667    667     43    607    667    667     75    667    667  666.5  666.5    667    667    667
   10.5      0  333.5  630.5   35.5    667    667    667      0  324.5      0      0  619.5  666.5      0    0.5      0  136.5      0  664.5      3      0      0     34      0      0      0  664.5      0      2  525.5      0      0    658    667      0
      0      0   36.5  333.5    1.5    666    667    666      0   29.5      0      0  332.5    661      0      0      0      9      0    623      0      0      0    0.5      0      0      0  618.5      0      0    129      0      0  549.5  662.5      0
  124.5      0  631.5  665.5  333.5    667    667    667      0  622.5      0      0    665    667      0      4      0  527.5      0  666.5     49      0      0    327      0      0    1.5    667      0   14.5    657      0      0    666    667      0
      0      0      0      1      0  333.5  425.5  184.5      0      0      0      0      0     31      0      0      0      0      0    7.5      0      0      0      0      0      0      0    5.5      0      0      0      0      0      2     70      0
      0      0      0      0      0  241.5  333.5  121.5      0      0      0      0      0     17      0      0      0      0      0    3.5      0      0      0      0      0      0      0      5      0      0      0      0      0      2     47      0
      0      0      0      1      0  482.5  545.5  333.5      0      0      0      0    1.5     63      0      0      0      0      0     17      0      0      0      0      0      0      0     20      0      0      0      0      0      5  159.5      0
    667   27.5    667    667    667    667    667    667  333.5    667    667  497.5    667    667      6    667  666.5    667  609.5    667    667     70    667    667    1.5  174.5    667    667      2    667    667    659  643.5    667    667  664.5
   12.5      0  342.5  637.5   44.5    667    667    667      0  333.5      0      0  630.5  666.5      0    0.5      0  136.5      0    665    3.5      0      0     43      0      0      0  664.5      0    0.5    546      0      0    662    667      0
    667      0    667    667    667    667    667    667      0    667  333.5    1.5    667    667      0    662  502.5    667    6.5    667  666.5      0    611    667      0      0  642.5    667      0  666.5    667   80.5     26    667    667  171.5
    667    4.5    667    667    667    667    667    667  169.5    667  665.5  333.5    667    667    0.5    667    667    667    508    667    667   20.5    667    667    0.5     70    667    667      0    667    667    643    605    667    667    661
    0.5      0   47.5  334.5      2    667    667  665.5      0   36.5      0      0  333.5  655.5      0      0      0   11.5      0    628      0      0      0    1.5      0      0      0    627      0      0    136      0      0    548    663      0
      0      0    0.5      6      0    636    650    604      0    0.5      0      0   11.5  333.5      0      0      0      0      0  134.5      0      0      0      0      0      0      0    140      0      0    0.5      0      0   43.5    507      0
    667  504.5    667    667    667    667    667    667    661    667    667  666.5    667    667  333.5    667    667    667  666.5    667    667  603.5    667    667  113.5  642.5    667    667    169    667    667    667    667    667    667    667
    639      0  666.5    667    663    667    667    667      0  666.5      5      0    667    667      0  333.5   21.5  664.5      0    667  595.5      0     67  654.5      0      0  177.5    667      0  509.5    667      0      0    667    667      1
  666.5      0    667    667    667    667    667    667    0.5    667  164.5      0    667    667      0  645.5  333.5    667      1    667    666      0  499.5    667      0      0  596.5    667      0  658.5    667   25.5      7    667    667   66.5
     44      0  530.5    658  139.5    667    667    667      0  530.5      0      0  655.5    667      0    2.5      0  333.5      0  665.5     20      0      0    128      0      0      0    667      0    5.5    624      0      0  665.5    667      0
    667    1.5    667    667    667    667    667    667   57.5    667  660.5    159    667    667    0.5    667    666    667  333.5    667    667    7.5  666.5    667      0   25.5    667    667    0.5    667    667  598.5  494.5    667    667  645.5
      0      0    2.5     44    0.5  659.5  663.5    650      0      2      0      0     39  532.5      0      0      0    1.5      0  333.5      0      0      0      1      0      0      0  327.5      0      0   12.5      0      0    142    617      0
  489.5      0    664    667    618    667    667    667      0  663.5    0.5      0    667    667      0   71.5      1    647      0    667  333.5      0   11.5    611      0      0   21.5    667      0  167.5  666.5      0      0    667    667      0
    667    155    667    667    667    667    667    667    597    667    667  646.5    667    667   63.5    667    667    667  659.5    667    667  333.5    667    667     11    507    667    667     25    667    667    666    665    667    667    667
    663      0    667    667    667    667    667    667      0    667     56      0    667    667      0    600  167.5    667    0.5    667  655.5      0  333.5    666      0      0    497    667      0  645.5    667      9    2.5    667    667     20
    138      0    633  666.5    340    667    667    667      0    624      0      0  665.5    667      0   12.5      0    539      0    666     56      0      1  333.5      0      0      1    667      0   17.5    655      0      0  666.5    667      0
    667    624    667    667    667    667    667    667  665.5    667    667  666.5    667    667  553.5    667    667    667    667    667    667    656    667    667  333.5  661.5    667    667    433    667    667    667    667    667    667    667
    667     60    667    667    667    667    667    667  492.5    667    667    597    667    667   24.5    667    667    667  641.5    667    667    160    667    667    5.5  333.5    667    667      5    667    667    662  659.5    667    667  666.5
    655      0    667    667  665.5    667    667    667      0    667   24.5      0    667    667      0  489.5   70.5    667      0    667  645.5      0    170    666      0      0  333.5    667      0    589    667    1.5      1    667    667      8
      0      0    2.5   48.5      0  661.5    662    647      0    2.5      0      0     40    527      0      0      0      0      0  339.5      0      0      0      0      0      0      0  333.5      0      0     12      0      0  141.5    608      0
    667    592    667    667    667    667    667    667    665    667    667    667    667    667    498    667    667    667  666.5    667    667    642    667    667    234    662    667    667  333.5    667    667    667    667    667    667    667
  590.5      0    665    667  652.5    667    667    667      0  666.5    0.5      0    667    667      0  157.5    8.5  661.5      0    667  499.5      0   21.5  649.5      0      0     78    667      0  333.5    667      0      0    667    667      0
      3      0  141.5    538     10    667    667    667      0    121      0      0    531  666.5      0      0      0     43      0  654.5    0.5      0      0     12      0      0      0    655      0      0  333.5      0      0  631.5    667      0
    667    0.5    667    667    667    667    667    667      8    667  586.5     24    667    667      0    667  641.5    667   68.5    667    667      1    658    667      0      5  665.5    667      0    667    667  333.5    161    667    667  487.5
    667    0.5    667    667    667    667    667    667   23.5    667    641     62    667    667      0    667    660    667  172.5    667    667      2  664.5    667      0    7.5    666    667      0    667    667    506  333.5    667    667    588
      0      0      9  117.5      1    665    665    662      0      5      0      0    119  623.5      0      0      0    1.5      0    525      0      0      0    0.5      0      0      0  525.5      0      0   35.5      0      0  333.5    659      0
      0      0      0    4.5      0    597    620  507.5      0      0      0      0      4    160      0      0      0      0      0     50      0      0      0      0      0      0      0     59      0      0      0      0      0      8  333.5      0
    667      0    667    667    667    667    667    667    2.5    667  495.5      6    667    667      0    666  600.5    667   21.5    667    667      0    647    667      0    0.5    659    667      0    667    667  179.5     79    667    667  333.5

COMPONENT 2
Central weak order
21 > 3 > 23 > 12 > 7 > {10 11 30 33} > 31 > {9 14 18} > {20 22 34} > 6 > 15 > 2 > {8 26} > 16 > 1 > 5 > 32 > 35 > {24 28} > {19 29} > 25 > {13 17} > 36 > 4 > 27
Weight
0.333
Pairwise count matrix
  166.5      6      0    333  239.5    1.5      0   28.5      0      0      0      0    333      0      1     78    333      0  332.5      0      0      0      0    330    333     24    333    330    332      0      0  293.5      0      0    315    333
    327  166.5      0    333  331.5     29      0    266    1.5      0      0      0    333    0.5   76.5  313.5    333    0.5    333      6      0      6      0    333    333    267    333    333    333      0      0  332.5      0    8.5    333    333
    333    333  166.5    333    333    333  322.5    333    333  331.5    329    302    333    333    333    333    333    333    333    333  111.5    333  239.5    333    333    333    333    333    333    331    333    333  330.5    333    333    333
      0      0      0  166.5      0      0      0      0      0      0      0      0   32.5      0      0      0   35.5      0    1.5      0      0      0      0      0   10.5      0    233      0    2.5      0      0      0      0      0      0     85
   93.5    1.5      0    333  166.5    0.5      0   11.5      0      0      0      0    333      0      0   37.5    333      0    331      0      0      0      0    322  332.5    8.5    333    323    331      0      0    250      0      0  296.5    333
  331.5    304      0    333  332.5  166.5      0    324     15      0    0.5      0    333      9  256.5    328    333     12    333   63.5      0     62      0    333    333  321.5    333    333    333      1      1  332.5      0   61.5    333    333
    333    333   10.5    333    333    333  166.5    333    331    289    283     86    333    332    333    333    333    332    333    333    7.5    333     33    333    333    333    333    333    333    284    325    333    289    333    333    333
  304.5     67      0    333  321.5      9      0  166.5      0      0      0      0    333    0.5     22    265    333    0.5    333      2      0      1      0    333    333    168    333    333    333      0      0    330      0      2    332    333
    333  331.5      0    333    333    318      2    333  166.5    7.5   11.5    0.5    333    158  327.5    333    333    162    333    287      0    291      0    333    333    332    333    333    333     12     51    333     10  290.5    333    333
    333    333    1.5    333    333    333     44    333  325.5  166.5    154   18.5    333    317    333    333    333  320.5    333    330    0.5  331.5    3.5    333    333    333    333    333    333  163.5    283    333    157  331.5    333    333
    333    333      4    333    333  332.5     50    333  321.5    179  166.5     26    333    321    333    333    333  323.5    333  331.5      2  331.5    6.5    333    333    333    333    333    333    168  280.5    333  165.5    332    333    333
    333    333     31    333    333    333    247    333  332.5  314.5    307  166.5    333    333    333    333    333  332.5    333    333   23.5    333   73.5    333    333    333    333    333    333    312    331    333  312.5    333    333    333
      0      0      0  300.5      0      0      0      0      0      0      0      0  166.5      0      0      0    167      0   19.5      0      0      0      0      4   58.5      0    316      2     17      0      0      0      0      0    0.5    260
    333  332.5      0    333    333    324      1  332.5    175     16     12      0    333  166.5  329.5    333    333  163.5    333    293      0    293      0    333    333    333    333    333    333     12   56.5    333   15.5  296.5    333    333
    332  256.5      0    333    333   76.5      0    311    5.5      0      0      0    333    3.5  166.5    325    333      4    333     23      0   26.5      0    333    333  307.5    333    333    333      0      0    333      0   22.5    333    333
    255   19.5      0    333  295.5      5      0     68      0      0      0      0    333      0      8  166.5    333      0    333    0.5      0    0.5      0  332.5    333     69    333    332    333      0      0  318.5      0      1  329.5    333
      0      0      0  297.5      0      0      0      0      0      0      0      0    166      0      0      0  166.5      0   21.5      0      0      0      0      6   61.5      0    318    3.5   18.5      0      0    0.5      0      0      0    262
    333  332.5      0    333    333    321      1  332.5    171   12.5    9.5    0.5    333  169.5    329    333    333  166.5    333    287      0    296      0    333    333  332.5    333    333    333   12.5   61.5    333   13.5    293    333    333
    0.5      0      0  331.5      2      0      0      0      0      0      0      0  313.5      0      0      0  311.5      0  166.5      0      0      0      0   56.5    266      0    332   48.5    158      0      0      6      0      0     17    328
    333    327      0    333    333  269.5      0    331     46      3    1.5      0    333     40    310  332.5    333     46    333  166.5      0  173.5      0    333    333    332    333    333    333    4.5     10    333    1.5  168.5    333    333
    333    333  221.5    333    333    333  325.5    333    333  332.5    331  309.5    333    333    333    333    333    333    333    333  166.5    333    268    333    333    333    333    333    333  331.5    333    333  330.5    333    333    333
    333    327      0    333    333    271      0    332     42    1.5    1.5      0    333     40  306.5  332.5    333     37    333  159.5      0  166.5      0    333    333  332.5    333    333    333      2      6    333      1  164.5    333    333
    333    333   93.5    333    333    333    300    333    333  329.5  326.5  259.5    333    333    333    333    333    333    333    333     65    333  166.5    333    333    333    333    333    333  327.5  332.5    333    328    333    333    333
      3      0      0    333     11      0      0      0      0      0      0      0    329      0      0    0.5    327      0  276.5      0      0      0      0  166.5  319.5      0    333  161.5    275      0      0   27.5      0      0     69  332.5
      0      0      0  322.5    0.5      0      0      0      0      0      0      0  274.5      0      0      0  271.5      0     67      0      0      0      0   13.5  166.5      0    328     12   59.5      0      0    0.5      0      0      4    313
    309     66      0    333  324.5   11.5      0    165      1      0      0      0    333      0   25.5    264    333    0.5    333      1      0    0.5      0    333    333  166.5    333    333    333      0      0  330.5      0    1.5  332.5    333
      0      0      0    100      0      0      0      0      0      0      0      0     17      0      0      0     15      0      1      0      0      0      0      0      5      0  166.5    0.5      1      0      0      0      0      0      0   46.5
      3      0      0    333     10      0      0      0      0      0      0      0    331      0      0      1  329.5      0  284.5      0      0      0      0  171.5    321      0  332.5  166.5    283      0      0     27      0      0   68.5    333
      1      0      0  330.5      2      0      0      0      0      0      0      0    316      0      0      0  314.5      0    175      0      0      0      0     58  273.5      0    332     50  166.5      0      0      6      0      0   15.5    327
    333    333      2    333    333    332     49    333    321  169.5    165     21    333    321    333    333    333  320.5    333  328.5    1.5    331    5.5    333    333    333    333    333    333  166.5    281    333    160  332.5    333    333
    333    333      0    333    333    332      8    333    282     50   52.5      2    333  276.5    333    333    333  271.5    333    323      0    327    0.5    333    333    333    333    333    333     52  166.5    333   52.5  327.5    333    333
   39.5    0.5      0    333     83    0.5      0      3      0      0      0      0    333      0      0   14.5  332.5      0    327      0      0      0      0  305.5  332.5    2.5    333    306    327      0      0  166.5      0      0  246.5    333
    333    333    2.5    333    333    333     44    333    323    176  167.5   20.5    333  317.5    333    333    333  319.5    333  331.5    2.5    332      5    333    333    333    333    333    333    173  280.5    333  166.5  331.5    333    333
    333  324.5      0    333    333  271.5      0    331   42.5    1.5      1      0    333   36.5  310.5    332    333     40    333  164.5      0  168.5      0    333    333  331.5    333    333    333    0.5    5.5    333    1.5  166.5    333    333
     18      0      0    333   36.5      0      0      1      0      0      0      0  332.5      0      0    3.5    333      0    316      0      0      0      0    264    329    0.5    333  264.5  317.5      0      0   86.5      0      0  166.5    333
      0      0      0    248      0      0      0      0      0      0      0      0     73      0      0      0     71      0      5      0      0      0      0    0.5     20      0  286.5      0      6      0      0      0      0      0      0  166.5

