COMPONENT 1
Central weak order
15 > 2 > {10 16} > 21 > 25 > 9 > {22 26} > 27 > 24 > 11 > 6 > 13 > 18 > 29 > 8 > 1 > {5 12} > 4 > 23 > 30 > 19 > 28 > {3 7 14 20} > 17
Weight
0.571
Pairwise count matrix
  285.5      0    571    544    479      1    571    142      0      0      0  473.5      6    571      0      0    571   17.5    571    571      0      0    564      0      0      0      0    571     55  569.5
    571  285.5    571    571    571    571    571    571  568.5  476.5    571    571    571    571    193  470.5    571    571    571    571  544.5  570.5    571    571  567.5    571    571    571    571    571
      0      0  285.5    1.5    0.5      0    292      0      0      0      0      0      0    286      0      0  430.5      0   26.5  273.5      0      0    5.5      0      0      0      0  102.5      0    6.5
     27      0  569.5  285.5    104      0  569.5    8.5      0      0      0     97      0    569      0      0    571    0.5  551.5  570.5      0      0    458      0      0      0      0  567.5    0.5    526
     92      0  570.5    467  285.5      0    571     31      0      0      0    279      0    571      0      0    571      2    567    571      0      0  543.5      0      0      0      0    571     10  558.5
    570      0    571    571    571  285.5    571  569.5    0.5      0  140.5    570    446    571      0      0    571  535.5    571    571      0    0.5    571   44.5      0      2     20    571    560    571
      0      0    279    1.5      0      0  285.5      0      0      0      0      0      0  268.5      0      0  422.5      0   23.5  273.5      0      0    3.5      0      0      0      0     92      0    7.5
    429      0    571  562.5    540    1.5    571  285.5      0      0    0.5    528   10.5    571      0      0    571     41    571    571      0      0  568.5      0      0      0      0    571    131    571
    571    2.5    571    571    571  570.5    571    571  285.5    5.5    569    571    571    571    0.5      6    571    571    571    571   35.5  469.5    571    564  130.5    478  549.5    571    571    571
    571   94.5    571    571    571    571    571    571  565.5  285.5    571    571    571    571     56    293    571    571    571    571  467.5  569.5    571    571    544    570    571    571    571    571
    571      0    571    571    571  430.5    571  570.5      2      0  285.5    570  521.5    571      0      0    571    558    571    571      0    6.5    571    132    0.5     15     54    571    568    571
   97.5      0    571    474    292      1    571     43      0      0      1  285.5    1.5  570.5      0      0    571    2.5    569    571      0      0  545.5    0.5      0    0.5      0    570     11  560.5
    565      0    571    571    571    125    571  560.5      0      0   49.5  569.5  285.5    571      0      0    571  456.5    571    571      0    0.5    571     14      0      0    4.5    571    524    571
      0      0    285      2      0      0  302.5      0      0      0      0    0.5      0  285.5      0      0    431      0   29.5    272      0      0      7      0      0      0      0     92      0     11
    571    378    571    571    571    571    571    571  570.5    515    571    571    571    571  285.5  514.5    571    571    571    571  554.5    570    571    571    569    571    571    571    571    571
    571  100.5    571    571    571    571    571    571    565    278    571    571    571    571   56.5  285.5    571    571    571    571  463.5    567    571    571    539    570    571    571    571    571
      0      0  140.5      0      0      0  148.5      0      0      0      0      0      0    140      0      0  285.5      0    6.5    126      0      0    1.5      0      0      0      0   37.5      0      5
  553.5      0    571  570.5    569   35.5    571    530      0      0     13  568.5  114.5    571      0      0    571  285.5    571    571      0      0    571    2.5      0      0      1    571    440    571
      0      0  544.5   19.5      4      0  547.5      0      0      0      0      2      0  541.5      0      0  564.5      0  285.5    538      0      0     59      0      0      0      0    458      0    130
      0      0  297.5    0.5      0      0  297.5      0      0      0      0      0      0    299      0      0    445      0     33  285.5      0      0      8      0      0      0      0    101      0   12.5
    571   26.5    571    571    571    571    571    571  535.5  103.5    571    571    571    571   16.5  107.5    571    571    571    571  285.5    563    571    571  460.5    565  569.5    571    571    571
    571    0.5    571    571    571  570.5    571    571  101.5    1.5  564.5    571  570.5    571      1      4    571    571    571    571      8  285.5    571    541     37  297.5    481    571    571    571
      7      0  565.5    113   27.5      0  567.5    2.5      0      0      0   25.5      0    564      0      0  569.5      0    512    563      0      0  285.5      0      0      0      0  551.5      1    439
    571      0    571    571    571  526.5    571    571      7      0    439  570.5    557    571      0      0    571  568.5    571    571      0     30    571  285.5    1.5     43  132.5    571    570    571
    571    3.5    571    571    571    571    571    571  440.5     27  570.5    571    571    571      2     32    571    571    571    571  110.5    534    571  569.5  285.5  534.5  566.5    571    571    571
    571      0    571    571    571    569    571    571     93      1    556  570.5    571    571      0      1    571    571    571    571      6  273.5    571    528   36.5  285.5  467.5    571    571    571
    571      0    571    571    571    551    571    571   21.5      0    517    571  566.5    571      0      0    571    570    571    571    1.5     90    571  438.5    4.5  103.5  285.5    571  570.5    571
      0      0  468.5    3.5      0      0    479      0      0      0      0      1      0    479      0      0  533.5      0    113    470      0      0   19.5      0      0      0      0  285.5      0     46
    516      0    571  570.5    561     11    571    440      0      0      3    560     47    571      0      0    571    131    571    571      0      0    570      1      0      0    0.5    571  285.5    571
    1.5      0  564.5     45   12.5      0  563.5      0      0      0      0   10.5      0    560      0      0    566      0    441  558.5      0      0    132      0      0      0      0    525      0  285.5

COMPONENT 2
Central weak order
22 > 21 > {7 13} > 23 > 15 > {6 10 29} > {3 19} > 16 > 20 > 12 > 1 > 30 > {5 27} > 18 > {8 9 26} > {17 28} > 2 > {24 25} > 4 > {11 14}
Weight
0.286
Pairwise count matrix
    143    286    1.5    286    276      0      0    286  285.5      0    286     60      0    286      0      5    286    285    1.5     21      0      0      0    286    286  285.5  272.5    286      0  223.5
      0    143      0    279      0      0      0      7      5      0  284.5      0      0  283.5      0      0   58.5    1.5      0      0      0      0      0  242.5    245      6    0.5     50      0      0
  284.5    286    143    286    286   41.5    1.5    286    286   37.5    286  280.5    0.5    286   10.5    242    286    286  140.5  271.5      0      0      2    286    286    286    286    286   43.5    286
      0      7      0    143      0      0      0    0.5      0      0  231.5      0      0    226      0      0      3      0      0      0      0      0      0     49     51      0      0    1.5      0      0
     10    286      0    286    143      0      0    273    268      0    286      2      0    286      0      0    284  238.5      0      0      0      0      0    286    286    270    135    285      0   48.5
    286    286  244.5    286    286    143      2    286    286    132    286    285    3.5    286     48    280    286    286    249    282      0      0   15.5    286    286    286    286    286  144.5    286
    286    286  284.5    286    286    284    143    286    286  281.5    286    286  140.5    286  267.5    286    286    286    285    286     48   22.5  234.5    286    286    286    286    286    283    286
      0    279      0  285.5     13      0      0    143  145.5      0    286      0      0    286      0      0    249   50.5      0      0      0      0      0  285.5    284    143   14.5    252      0      3
    0.5    281      0    286     18      0      0  140.5    143      0    286      0      0    286      0      0  248.5   48.5      0      0      0      0      0    285  285.5    142   15.5  255.5      0    4.5
    286    286  248.5    286    286    154    4.5    286    286    143    286  285.5    4.5    286     52    280    286    286    255    283    0.5      0     16    286    286    286    286    286  155.5    286
      0    1.5      0   54.5      0      0      0      0      0      0    143      0      0    145      0      0      0      0      0      0      0      0      0     12     15      0      0    0.5      0      0
    226    286    5.5    286    284      1      0    286    286    0.5    286    143      0    286      0     29    286    286      4     71      0      0      0    286    286  285.5  284.5    286    0.5    268
    286    286  285.5    286    286  282.5  145.5    286    286  281.5    286    286    143    286    273    286    286    286    285    286   50.5     25  239.5    286    286    286    286    286    283    286
      0    2.5      0     60      0      0      0      0      0      0    141      0      0    143      0      0      0      0      0      0      0      0      0     12   16.5      0      0      0      0      0
    286    286  275.5    286    286    238   18.5    286    286    234    286    286     13    286    143    285    286    286    278  285.5    2.5      1   59.5    286    286    286    286    286    241    286
    281    286     44    286    286      6      0    286    286      6    286    257      0    286      1    143    286    286   44.5  219.5      0      0      0    286    286    286    286    286      8    284
      0  227.5      0    283      2      0      0     37   37.5      0    286      0      0    286      0      0    143    8.5      0      0      0      0      0    270  269.5   34.5    1.5    146      0      0
      1  284.5      0    286   47.5      0      0  235.5  237.5      0    286      0      0    286      0      0  277.5    143      0      0      0      0      0  285.5    285  237.5     44  278.5      0   11.5
  284.5    286  145.5    286    286     37      1    286    286     31    286    282      1    286      8  241.5    286    286    143  270.5      0      0    1.5    286    286    286    286    286     36    286
    265    286   14.5    286    286      4      0    286    286      3    286    215      0    286    0.5   66.5    286    286   15.5    143      0      0      0    286    286    286  284.5    286      6    279
    286    286    286    286    286    286    238    286    286  285.5    286    286  235.5    286  283.5    286    286    286    286    286    143     92    274    286    286    286    286    286    285    286
    286    286    286    286    286    286  263.5    286    286    286    286    286    261    286    285    286    286    286    286    286    194    143    281    286    286    286    286    286  285.5    286
    286    286    284    286    286  270.5   51.5    286    286    270    286    286   46.5    286  226.5    286    286    286  284.5    286     12      5    143    286    286    286    286    286  273.5    286
      0   43.5      0    237      0      0      0    0.5      1      0    274      0      0    274      0      0     16    0.5      0      0      0      0      0    143    149    1.5      0     12      0      0
      0     41      0    235      0      0      0      2    0.5      0    271      0      0  269.5      0      0   16.5      1      0      0      0      0      0    137    143      1      0   11.5      0      0
    0.5    280      0    286     16      0      0    143    144      0    286    0.5      0    286      0      0  251.5   48.5      0      0      0      0      0  284.5    285    143   13.5  259.5      0      3
   13.5  285.5      0    286    151      0      0  271.5  270.5      0    286    1.5      0    286      0      0  284.5    242      0    1.5      0      0      0    286    286  272.5    143  284.5      0     58
      0    236      0  284.5      1      0      0     34   30.5      0  285.5      0      0    286      0      0    140    7.5      0      0      0      0      0    274  274.5   26.5    1.5    143      0    0.5
    286    286  242.5    286    286  141.5      3    286    286  130.5    286  285.5      3    286     45    278    286    286    250    280      1    0.5   12.5    286    286    286    286    286    143    286
   62.5    286      0    286  237.5      0      0    283  281.5      0    286     18      0    286      0      2    286  274.5      0      7      0      0      0    286    286    283    228  285.5      0    143

COMPONENT 3
Central weak order
17 > 25 > 1 > 15 > 30 > 18 > {4 13} > {3 27} > 20 > 23 > 6 > 14 > 19 > {16 26} > 24 > {11 12} > 9 > 29 > {2 7 21} > {8 22} > 10 > 5 > 28
Weight
0.143
Pairwise count matrix
   71.5    143    143  142.5    143    143    143    143    143    143    143    143  142.5    143    109    143     25  139.5    143    143    143    143    143    143     38    143    143    143    143  130.5
      0   71.5      0      0  141.5      0   76.5    126      8  141.5      1    2.5      0      0      0      0      0      0      0      0     64    129      0      1      0      0      0    142     27      0
      0    143   71.5   14.5    143    141    143    143    143    143    143    143   20.5  142.5      0    143      0    4.5    143    121    143    143  136.5    143      0    143     73    143    143    1.5
    0.5    143  128.5   71.5    143    143    143    143    143    143    143    143   70.5    143      2    143      0     25    143  139.5    143    143    142    143      0    143    127    143    143    8.5
      0    1.5      0      0   71.5      0      2    5.5    0.5     32      0      0      0      0      0      0      0      0      0      0    0.5   11.5      0      0      0      0      0   99.5      0      0
      0    143      2      0    143   71.5    143    143    143    143    143    143      0    112      0    141      0      0  132.5   14.5    143    143     33    143      0  140.5      3    143    143      0
      0   66.5      0      0    141      0   71.5    125    7.5  138.5      2    2.5      0      0      0    0.5      0      0    0.5      0   62.5    123      0      1      0      0      0    142   20.5      0
      0     17      0      0  137.5      0     18   71.5    0.5  122.5      0      0      0      0      0      0      0      0      0      0   10.5     74      0    0.5      0      0      0  139.5    1.5      0
      0    135      0      0  142.5      0  135.5  142.5   71.5    143     27   22.5      0      0      0      0      0      0      0      0  134.5    141      0    5.5      0    1.5      0    143    112      0
      0    1.5      0      0    111      0    4.5   20.5      0   71.5      0      0      0      0      0      0      0      0      0      0    2.5     28      0      0      0      0      0  124.5      0      0
      0    142      0      0    143      0    141    143    116    143   71.5   73.5      0    0.5      0    7.5      0      0      1      0    142    143      0     23      0      5      0    143  134.5      0
      0  140.5      0      0    143      0  140.5    143  120.5    143   69.5   71.5      0      0      0      7      0      0    0.5      0  140.5    143      0   22.5      0      6      0    143  133.5      0
    0.5    143  122.5   72.5    143    143    143    143    143    143    143    143   71.5  142.5    4.5    143      0   24.5    143  138.5    143    143    142    143    0.5    143  129.5    143    143    9.5
      0    143    0.5      0    143     31    143    143    143    143  142.5    143    0.5   71.5      0    135      0      0  112.5      2    143    143   11.5    141      0  131.5      2    143    143      0
     34    143    143    141    143    143    143    143    143    143    143    143  138.5    143   71.5    143     11    131    143    143    143    143    143    143   14.5    143    142    143    143  110.5
      0    143      0      0    143      2  142.5    143    143    143  135.5    136      0      8      0   71.5      0      0     29      1    143    143      1  117.5      0     68      0    143  142.5      0
    118    143    143    143    143    143    143    143    143    143    143    143    143    143    132    143   71.5    142    143    143    143    143    143    143   93.5    143    143    143    143  139.5
    3.5    143  138.5    118    143    143    143    143    143    143    143    143  118.5    143     12    143      1   71.5    143  141.5    143    143  142.5    143      2    143    139    143    143   32.5
      0    143      0      0    143   10.5  142.5    143    143    143    142  142.5      0   30.5      0    114      0      0   71.5      1    143    143      3  137.5      0    115    0.5    143    143      0
      0    143     22    3.5    143  128.5    143    143    143    143    143    143    4.5    141      0    142      0    1.5    142   71.5    143    143    110    143      0  142.5   23.5    143    143      1
      0     79      0      0  142.5      0   80.5  132.5    8.5  140.5      1    2.5      0      0      0      0      0      0      0      0   71.5  134.5      0    1.5      0      0      0    143     26      0
      0     14      0      0  131.5      0     20     69      2    115      0      0      0      0      0      0      0      0      0      0    8.5   71.5      0    0.5      0      0      0  134.5      5      0
      0    143    6.5      1    143    110    143    143    143    143    143    143      1  131.5      0    142      0    0.5    140     33    143    143   71.5    143      0    142    7.5    143    143      0
      0    142      0      0    143      0    142  142.5  137.5    143    120  120.5      0      2      0   25.5      0      0    5.5      0  141.5  142.5      0   71.5      0   22.5      0    143  141.5      0
    105    143    143    143    143    143    143    143    143    143    143    143  142.5    143  128.5    143   49.5    141    143    143    143    143    143    143   71.5    143    143    143    143  138.5
      0    143      0      0    143    2.5    143    143  141.5    143    138    137      0   11.5      0     75      0      0     28    0.5    143    143      1  120.5      0   71.5      0    143    143      0
      0    143     70     16    143    140    143    143    143    143    143    143   13.5    141      1    143      0      4  142.5  119.5    143    143  135.5    143      0    143   71.5    143    143    1.5
      0      1      0      0   43.5      0      1    3.5      0   18.5      0      0      0      0      0      0      0      0      0      0      0    8.5      0      0      0      0      0   71.5      0      0
      0    116      0      0    143      0  122.5  141.5     31    143    8.5    9.5      0      0      0    0.5      0      0      0      0    117    138      0    1.5      0      0      0    143   71.5      0
   12.5    143  141.5  134.5    143    143    143    143    143    143    143    143  133.5    143   32.5    143    3.5  110.5    143    142    143    143    143    143    4.5    143  141.5    143    143   71.5

