COMPONENT 1
Central weak order
{18 41} > 42 > 35 > {23 30} > 13 > 10 > {7 16} > {9 28} > 26 > 17 > 4 > {8 34} > 21 > 38 > 31 > 11 > 2 > 36 > 32 > 20 > 22 > {5 15} > {3 6} > 39 > {14 40} > 24 > 27 > 12 > 19 > 33 > 1 > 29 > 25 > 37
Weight
0.667
Pairwise count matrix
  333.5      0      0      0      0      0      0      0      0      0      0   30.5      0    0.5      0      0      0      0     90      0      0      0      0    8.5    580      0   14.5      0  469.5      0      0      0    181      0      0      0  608.5      0      1      2      0      0
    667  333.5  666.5      0  663.5    667      0    2.5      0      0    174    667      0    667  661.5      0      0      0    667  627.5    8.5    652      0    667    667      0    667      0    667      0     72    575    667      3      0    474    667   22.5    666    667      0      0
    667    0.5  333.5      0    115  318.5      0      0      0      0    0.5    667      0    618    111      0      0      0    666    7.5      0   25.5      0    655    667      0  662.5      0    667      0      0    7.5    667      0      0      3    667      0    511    620      0      0
    667    667    667  333.5    667    667      3  526.5   27.5    0.5    665    667      0    667    667    2.5  193.5      0    667    667  627.5    667      0    667    667     78    667     29    667      0    663    667    667    517      0    667    667    655    667    667      0      0
    667    3.5    552      0  333.5    548      0      0      0      0    1.5    667      0  656.5    328      0      0      0    667     56      0  135.5      0    664    667      0  666.5      0    667      0    0.5   31.5    667      0      0     10    667      0    624    656      0      0
    667      0  348.5      0    119  333.5      0      0      0      0      0  664.5      0    619    113      0      0      0    667     12      0   26.5      0    655    667      0  663.5      0    667      0      0    2.5    667      0      0    0.5    667      0  520.5    627      0      0
    667    667    667    664    667    667  333.5    667    571    147    667    667     58    667    667  343.5  660.5      0    667    667    667    667   16.5    667    667    635    667  564.5    667   15.5    667    667    667  666.5      2    667    667    667    667    667    1.5      0
    667  664.5    667  140.5    667    667      0  333.5      5      0    657    667      0    667    667      0   59.5      0    667  666.5    525    667      0    667    667     22    667      7    667      0    644  665.5    667  319.5      0    666    667  607.5    667    667      0      0
    667    667    667  639.5    667    667     96    662  333.5     31    667    667     10    667    667    118  608.5      0    667    667  664.5    667    3.5    667    667  514.5    667  340.5    667      3    666    667    667  659.5      0    667    667    667    667    667      0      0
    667    667    667  666.5    667    667    520    667    636  333.5    667    667    164    667    667    521    664      1    667    667    667    667   55.5    667    667    660    667  632.5    667     59    667    667    667  666.5     13    667    667    667    667    667      1    4.5
    667    493  666.5      2  665.5    667      0     10      0      0  333.5    667      0    667    667      0      0      0    667    654     31    662      0    667    667      0    667      0    667      0    186  630.5    667      8      0    594    667     74    667    667      0      0
  636.5      0      0      0      0    2.5      0      0      0      0      0  333.5      0     20    0.5      0      0      0    486      0      0      0      0   77.5    663      0    175      0    650      0      0      0  591.5      0      0      0  663.5      0    6.5     21      0      0
    667    667    667    667    667    667    609    667    657    503    667    667  333.5    667    667  608.5  665.5      4    667    667    667    667  135.5    667    667  665.5    667  654.5    667  141.5    667    667    667    667   36.5    667    667    667    667    667    4.5   12.5
  666.5      0     49      0   10.5     48      0      0      0      0      0    647      0  333.5     12      0      0      0  658.5    0.5      0      1      0  519.5    667      0    606      0    667      0      0    0.5    664      0      0      0    667      0  138.5  342.5      0      0
    667    5.5    556      0    339    554      0      0      0      0      0  666.5      0    655  333.5      0      0      0    667   60.5      0  132.5      0  663.5    667      0  665.5      0    667      0      0   30.5    667      0      0    9.5    667      0    622  653.5      0      0
    667    667    667  664.5    667    667  323.5    667    549    146    667    667   58.5    667    667  333.5  657.5      0    667    667    667    667   12.5    667    667    631    667    555    667   13.5  666.5    667    667    665    4.5    667    667    667    667    667    0.5      0
    667    667    667  473.5    667    667    6.5  607.5   58.5      3    667    667    1.5    667    667    9.5  333.5      0    667    667    650    667      0    667    667  169.5    667     66    667      0    665    667    667  595.5      0    667    667  662.5    667    667      0      0
    667    667    667    667    667    667    667    667    667    666    667    667    663    667    667    667    667  333.5    667    667    667    667  643.5    667    667    667    667    667    667    647    667    667    667    667  589.5    667    667    667    667    667    341  507.5
    577      0      1      0      0      0      0      0      0      0      0    181      0    8.5      0      0      0      0  333.5      0      0      0      0   40.5  653.5      0     84      0    631      0      0      0  495.5      0      0      0  660.5      0      2    9.5      0      0
    667   39.5  659.5      0    611    655      0    0.5      0      0     13    667      0  666.5  606.5      0      0      0    667  333.5      1  480.5      0    667    667      0    667      0    667      0      3  184.5    667      0      0   78.5    667    0.5  664.5    667      0      0
    667  658.5    667   39.5    667    667      0    142    2.5      0    636    667      0    667    667      0     17      0    667    666  333.5  666.5      0    667    667    6.5    667    2.5    667      0  590.5    665    667    131      0  665.5    667  496.5    667    667      0      0
    667     15  641.5      0  531.5  640.5      0      0      0      0      5    667      0    666  534.5      0      0      0    667  186.5    0.5  333.5      0    667    667      0    667      0    667      0      0     94    667      0      0     34    667    0.5    659    667      0      0
    667    667    667    667    667    667  650.5    667  663.5  611.5    667    667  531.5    667    667  654.5    667   23.5    667    667    667    667  333.5    667    667    666    667    664    667    332    667    667    667    667  137.5    667    667    667    667    667     24   63.5
  658.5      0     12      0      3     12      0      0      0      0      0  589.5      0  147.5    3.5      0      0      0  626.5      0      0      0      0  333.5  666.5      0  485.5      0    665      0      0      0    656      0      0      0  666.5      0     46  150.5      0      0
     87      0      0      0      0      0      0      0      0      0      0      4      0      0      0      0      0      0   13.5      0      0      0      0    0.5  333.5      0    2.5      0    174      0      0      0     42      0      0      0  413.5      0      0      2      0      0
    667    667    667    589    667    667     32    645  152.5      7    667    667    1.5    667    667     36  497.5      0    667    667  660.5    667      1    667    667  333.5    667  153.5    667    0.5  665.5    667    667  639.5      0    667    667    667    667    667      0    0.5
  652.5      0    4.5      0    0.5    3.5      0      0      0      0      0    492      0     61    1.5      0      0      0    583      0      0      0      0  181.5  664.5      0  333.5      0  660.5      0      0      0    636      0      0      0  666.5      0   17.5     63      0      0
    667    667    667    638    667    667  102.5    660  326.5   34.5    667    667   12.5    667    667    112    601      0    667    667  664.5    667      3    667    667  513.5    667  333.5    667    4.5  666.5    667    667    655    1.5    667    667  666.5    667    667      0      1
  197.5      0      0      0      0      0      0      0      0      0      0     17      0      0      0      0      0      0     36      0      0      0      0      2    493      0    6.5      0  333.5      0      0      0  102.5      0      0      0    547      0      0      0      0      0
    667    667    667    667    667    667  651.5    667    664    608    667    667  525.5    667    667  653.5    667     20    667    667    667    667    335    667    667  666.5    667  662.5    667  333.5    667    667    667    667    134    667    667    667    667    667     26   69.5
    667    595    667      4  666.5    667      0     23      1      0    481    667      0    667    667    0.5      2      0    667    664   76.5    667      0    667    667    1.5    667    0.5    667      0  333.5    653    667     22      0  637.5    667    169    667    667      0      0
    667     92  659.5      0  635.5  664.5      0    1.5      0      0   36.5    667      0  666.5  636.5      0      0      0    667  482.5      2    573      0    667    667      0    667      0    667      0     14  333.5    667    0.5      0  183.5    667      6    666    667      0      0
    486      0      0      0      0      0      0      0      0      0      0   75.5      0      3      0      0      0      0  171.5      0      0      0      0     11    625      0     31      0  564.5      0      0      0  333.5      0      0      0  641.5      0      1      2      0      0
    667    664    667    150    667    667    0.5  347.5    7.5    0.5    659    667      0    667    667      2   71.5      0    667    667    536    667      0    667    667   27.5    667     12    667      0    645  666.5    667  333.5      0  666.5    667    616    667    667      0      0
    667    667    667    667    667    667    665    667    667    654    667    667  630.5    667    667  662.5    667   77.5    667    667    667    667  529.5    667    667    667    667  665.5    667    533    667    667    667    667  333.5    667    667    667    667    667   95.5    197
    667    193    664      0    657  666.5      0      1      0      0     73    667      0    667  657.5      0      0      0    667  588.5    1.5    633      0    667    667      0    667      0    667      0   29.5  483.5    667    0.5      0  333.5    667    9.5  666.5    667      0      0
   58.5      0      0      0      0      0      0      0      0      0      0    3.5      0      0      0      0      0      0    6.5      0      0      0      0    0.5  253.5      0    0.5      0    120      0      0      0   25.5      0      0      0  333.5      0      0      0      0      0
    667  644.5    667     12    667    667      0   59.5      0      0    593    667      0    667    667      0    4.5      0    667  666.5  170.5  666.5      0    667    667      0    667    0.5    667      0    498    661    667     51      0  657.5    667  333.5    667    667      0      0
    666      1    156      0     43  146.5      0      0      0      0      0  660.5      0  528.5     45      0      0      0    665    2.5      0      8      0    621    667      0  649.5      0    667      0      0      1    666      0      0    0.5    667      0  333.5    531      0      0
    665      0     47      0     11     40      0      0      0      0      0    646      0  324.5   13.5      0      0      0  657.5      0      0      0      0  516.5    665      0    604      0    667      0      0      0    665      0      0      0    667      0    136  333.5      0      0
    667    667    667    667    667    667  665.5    667    667    666    667    667  662.5    667    667  666.5    667    326    667    667    667    667    643    667    667    667    667    667    667    641    667    667    667    667  571.5    667    667    667    667    667  333.5  495.5
    667    667    667    667    667    667    667    667    667  662.5    667    667  654.5    667    667    667    667  159.5    667    667    667    667  603.5    667    667  666.5    667    666    667  597.5    667    667    667    667    470    667    667    667    667    667  171.5  333.5

COMPONENT 2
Central weak order
{1 24} > 27 > {11 33} > 41 > 9 > {18 26} > {3 8} > 28 > 15 > 12 > 35 > 10 > 5 > {13 34} > 31 > 42 > {2 16} > 4 > 39 > 7 > 19 > 29 > 36 > 23 > {17 25 38 40} > 20 > 14 > {6 32} > 37 > 21 > 22 > 30
Weight
0.333
Pairwise count matrix
  166.5    333    333    333    333    333    333    333  326.5    333  300.5    333    333    333    333    333    333  332.5    333    333    333    333    333  159.5    333  331.5  244.5    333    333    333    333    333    303    333    333    333    333    333    333    333  321.5    333
      0  166.5      0    259      3    333  317.5      0      0    0.5      0      0     13    333      0  170.5    333      0    329    333    333    333    333      0    333      0      0      0  331.5    333     31    333      0   11.5      0    333    333  332.5  299.5    333      0   75.5
      0    333  166.5    333    333    333    333    159     14  330.5      1  319.5    333    333    304    333    333     51    333    333    333    333    333      0    333   54.5      0    270    333    333    333    333      0    333  326.5    333    333    333    333    333    8.5    333
      0     74      0  166.5      0    333    296      0      0      0      0      0    2.5    333      0   74.5    333      0    318    333    333    333    333      0    333      0      0      0    326    333    7.5    333      0      2      0  330.5    333    333  247.5    333      0     27
      0    330      0    333  166.5    333  332.5      0      0     84      0   11.5  251.5    333    5.5    332    333      0    333    333    333    333    333      0    333      0      0      1    333    333    298    333      0    261   34.5    333    333    333    333    333      0  319.5
      0      0      0      0      0  166.5      0      0      0      0      0      0      0   86.5      0      0   10.5      0      0     36    302    321      1      0   11.5      0      0      0      0    327      0  177.5      0      0      0    0.5  273.5      9      0      7      0      0
      0   15.5      0     37    0.5    333  166.5      0      0      0      0      0      1    333      0     12  332.5      0  235.5    333    333    333  329.5      0  332.5      0      0      0  289.5    333    2.5    333      0      0      0  318.5    333  331.5     88  331.5      0      4
      0    333    174    333    333    333    333  166.5   17.5  331.5      1  318.5    333    333    309    333    333   62.5    333    333    333    333    333      0    333     63    0.5  265.5    333    333    333    333      0    333    326    333    333    333    333    333      8    333
    6.5    333    319    333    333    333    333  315.5  166.5    333     38  331.5    333    333  330.5    333    333    265    333    333    333    333    333    4.5    333    268   15.5  328.5    333    333    333    333     35    333  332.5    333    333    333    333    333    107    333
      0  332.5    2.5    333    249    333    333    1.5      0  166.5      0     33  297.5    333   24.5    333    333      0    333    333    333    333    333      0    333      0      0      5    333    333  326.5    333      0    300     88    333    333    333    333    333      0    332
   32.5    333    332    333    333    333    333    332    295    333  166.5    333    333    333    333    333    333  323.5    333    333    333    333    333     26    333    324     78    333    333    333    333    333  168.5    333    333    333    333    333    333    333  262.5    333
      0    333   13.5    333  321.5    333    333   14.5    1.5    300      0  166.5    328    333  101.5    333    333      2    333    333    333    333    333      0    333      4      0   40.5    333    333    331    333      0    329    242    333    333    333    333    333      0  332.5
      0    320      0  330.5   81.5    333    332      0      0   35.5      0      5  166.5    333      3  320.5    333      0  332.5    333    333    333    333      0    333      0      0      1    333    333    250    333      0    177   10.5    333    333    333    332    333      0  303.5
      0      0      0      0      0  246.5      0      0      0      0      0      0      0  166.5      0      0     26      0      0     82  318.5  329.5      3      0     23      0      0      0      0  331.5      0  257.5      0      0      0      2    302   22.5      0   20.5      0      0
      0    333     29    333  327.5    333    333     24    2.5  308.5      0  231.5    330    333  166.5    333    333      5    333    333    333    333    333      0    333    5.5      0   77.5    333    333  332.5    333      0  329.5  278.5    333    333    333    333    333      0    333
      0  162.5      0  258.5      1    333    321      0      0      0      0      0   12.5    333      0  166.5    333      0  327.5    333    333    333  332.5      0    333      0      0      0    331    333     31    333      0   12.5      0  332.5    333    333  304.5    333      0     79
      0      0      0      0      0  322.5    0.5      0      0      0      0      0      0    307      0      0  166.5      0    1.5  270.5    333    333     59      0  176.5      0      0      0      9    333      0  326.5      0      0      0   32.5    331    170      0  166.5      0      0
    0.5    333    282    333    333    333    333  270.5     68    333    9.5    331    333    333    328    333    333  166.5    333    333    333    333    333      0    333    168    6.5    318    333    333    333    333      7    333  331.5    333    333    333    333    333     38    333
      0      4      0     15      0    333   97.5      0      0      0      0      0    0.5    333      0    5.5  331.5      0  166.5  331.5    333    333  316.5      0  329.5      0      0      0  252.5    333      0    333      0      0      0  289.5    333  328.5     46    329      0      2
      0      0      0      0      0    297      0      0      0      0      0      0      0    251      0      0   62.5      0    1.5  166.5    331  331.5     12      0     63      0      0      0      1    333      0    303      0      0      0      8  321.5   58.5      0     63      0      0
      0      0      0      0      0     31      0      0      0      0      0      0      0   14.5      0      0      0      0      0      2  166.5  240.5      0      0      2      0      0      0      0  271.5      0   34.5      0      0      0      0   85.5      1      0      0      0      0
      0      0      0      0      0     12      0      0      0      0      0      0      0    3.5      0      0      0      0      0    1.5   92.5  166.5      0      0      0      0      0      0      0  211.5      0   13.5      0      0      0      0     45      0      0      0      0      0
      0      0      0      0      0    332    3.5      0      0      0      0      0      0    330      0    0.5    274      0   16.5    321    333    333  166.5      0    278      0      0      0   31.5    333      0  332.5      0      0      0     88    333  264.5    0.5    275      0      0
  173.5    333    333    333    333    333    333    333  328.5    333    307    333    333    333    333    333    333    333    333    333    333    333    333  166.5    333  332.5  247.5    333    333    333    333    333  301.5    333    333    333    333    333    333    333  321.5    333
      0      0      0      0      0  321.5    0.5      0      0      0      0      0      0    310      0      0  156.5      0    3.5    270    331    333     55      0  166.5      0      0      0    5.5    333      0    319      0      0      0   25.5    330  161.5      0  165.5      0      0
    1.5    333  278.5    333    333    333    333    270     65    333      9    329    333    333  327.5    333    333    165    333    333    333    333    333    0.5    333  166.5      4  317.5    333    333    333    333      9    333    331    333    333    333    333    333     36    333
   88.5    333    333    333    333    333    333  332.5  317.5    333    255    333    333    333    333    333    333  326.5    333    333    333    333    333   85.5    333    329  166.5    333    333    333    333    333  254.5    333    333    333    333    333    333    333  300.5    333
      0    333     63    333    332    333    333   67.5    4.5    328      0  292.5    332    333  255.5    333    333     15    333    333    333    333    333      0    333   15.5      0  166.5    333    333  332.5    333      0    333    316    333    333    333    333    333      1    333
      0    1.5      0      7      0    333   43.5      0      0      0      0      0      0    333      0      2    324      0   80.5    332    333    333  301.5      0  327.5      0      0      0  166.5    333      0    333      0      0      0    250    333    327   18.5  324.5      0      0
      0      0      0      0      0      6      0      0      0      0      0      0      0    1.5      0      0      0      0      0      0   61.5  121.5      0      0      0      0      0      0      0  166.5      0    6.5      0      0      0      0   24.5      0      0      0      0      0
      0    302      0  325.5     35    333  330.5      0      0    6.5      0      2     83    333    0.5    302    333      0    333    333    333    333    333      0    333      0      0    0.5    333    333  166.5    333      0   82.5    4.5    333    333    333    331    333      0  249.5
      0      0      0      0      0  155.5      0      0      0      0      0      0      0   75.5      0      0    6.5      0      0     30  298.5  319.5    0.5      0     14      0      0      0      0  326.5      0  166.5      0      0      0      1    258      5      0      6      0      0
     30    333    333    333    333    333    333    333    298    333  164.5    333    333    333    333    333    333    326    333    333    333    333    333   31.5    333    324   78.5    333    333    333    333    333  166.5    333    333    333    333    333    333    333    253    333
      0  321.5      0    331     72    333    333      0      0     33      0      4    156    333    3.5  320.5    333      0    333    333    333    333    333      0    333      0      0      0    333    333  250.5    333      0  166.5    9.5    333    333    333    333    333      0    299
      0    333    6.5    333  298.5    333    333      7    0.5    245      0     91  322.5    333   54.5    333    333    1.5    333    333    333    333    333      0    333      2      0     17    333    333  328.5    333      0  323.5  166.5    333    333    333    333    333      0    331
      0      0      0    2.5      0  332.5   14.5      0      0      0      0      0      0    331      0    0.5  300.5      0   43.5    325    333    333    245      0  307.5      0      0      0     83    333      0    332      0      0      0  166.5    333  299.5      7  297.5      0      0
      0      0      0      0      0   59.5      0      0      0      0      0      0      0     31      0      0      2      0      0   11.5  247.5    288      0      0      3      0      0      0      0  308.5      0     75      0      0      0      0  166.5      1      0    1.5      0      0
      0    0.5      0      0      0    324    1.5      0      0      0      0      0      0  310.5      0      0    163      0    4.5  274.5    332    333   68.5      0  171.5      0      0      0      6    333      0    328      0      0      0   33.5    332  166.5    0.5    169      0      0
      0   33.5      0   85.5      0    333    245      0      0      0      0      0      1    333      0   28.5    333      0    287    333    333    333  332.5      0    333      0      0      0  314.5    333      2    333      0      0      0    326    333  332.5  166.5  332.5      0    9.5
      0      0      0      0      0    326    1.5      0      0      0      0      0      0  312.5      0      0  166.5      0      4    270    333    333     58      0  167.5      0      0      0    8.5    333      0    327      0      0      0   35.5  331.5    164    0.5  166.5      0      0
   11.5    333  324.5    333    333    333    333    325    226    333   70.5    333    333    333    333    333    333    295    333    333    333    333    333   11.5    333    297   32.5    332    333    333    333    333     80    333    333    333    333    333    333    333  166.5    333
      0  257.5      0    306   13.5    333    329      0      0      1      0    0.5   29.5    333      0    254    333      0    331    333    333    333    333      0    333      0      0      0    333    333   83.5    333      0     34      2    333    333    333  323.5    333      0  166.5

