COMPONENT 1
Central weak order
37 > 9 > 22 > 14 > 31 > 11 > {26 28 38} > 6 > {24 34} > 5 > 10 > 32 > 2 > {15 42} > 8 > 16 > 40 > 19 > 20 > 30 > 27 > 25 > 18 > 1 > 7 > 33 > {13 35} > 3 > 17 > 39 > 41 > 29 > {12 36} > 4 > {21 23}
Weight
0.250
Pairwise count matrix
    125      0    248    250      0      0  178.5      0      0      0      0    250    240      0      0      0    250   56.5      0      1    250      0    250      0     33      0     12      0    250      2      0      0    213      0  243.5    250      0      0  249.5      0    250      0
    250    125    250    250   12.5      1    250  234.5      0     33      0    250    250      0  200.5    242    250    250  248.5    249    250      0    250      5    250      0    250      0    250    250      0     71    250      7    250    250      0      0    250  248.5    250  198.5
      2      0    125    249      0      0    5.5      0      0      0      0  249.5     57      0      0      0    187      1      0      0    250      0    250      0      1      0      0      0  243.5      0      0      0   20.5      0     62  247.5      0      0  223.5      0    235      0
      0      0      1    125      0      0      0      0      0      0      0   54.5    0.5      0      0      0    1.5      0      0      0    189      0  189.5      0      0      0      0      0   19.5      0      0      0      0      0      1   50.5      0      0    3.5      0      8      0
    250  237.5    250    250    125   21.5    250    250      0    185    0.5    250    250      0  247.5    249    250    250    250    250    250      0    250     48    250    4.5    250    2.5    250    250      0  218.5    250     59    250    250      0      5    250    250    250    248
    250    249    250    250  228.5    125    250    250      0  241.5      7    250    250      2  249.5    250    250    250    250    250    250      0    250  184.5    250     41    250   44.5    250    250    3.5    248    250    192    250    250      0   44.5    250    250    250  249.5
   71.5      0  244.5    250      0      0    125      0      0      0      0    250    225      0      0      0  248.5   23.5      0    0.5    250      0    250      0     14      0      4      0    250      0      0      0  174.5      0  230.5    250      0      0    249      0    250      0
    250   15.5    250    250      0      0    250    125      0    2.5      0    250    250      0   49.5  167.5    250    250    235    243    250      0    250      0  249.5      0    249      0    250  246.5      0    4.5    250      0    250    250      0      0    250    209    250   40.5
    250    250    250    250    250    250    250    250    125    250  246.5    250    250  219.5    250    250    250    250    250    250    250  186.5    250    250    250    250    250    250    250    250    237    250    250    250    250    250   93.5  249.5    250    250    250    250
    250    217    250    250     65    8.5    250  247.5      0    125    0.5    250    250      0    243  248.5    250    250    250    250    250      0    250   17.5    250      1    250      2    250    250      0    179    250     26    250    250      0      1    250    250    250  239.5
    250    250    250    250  249.5    243    250    250    3.5  249.5    125    250    250     34    250    250    250    250    250    250    250     16    250  246.5    250    207    250    210    250    250   71.5    250    250    249    250    250    1.5  203.5    250    250    250    250
      0      0    0.5  195.5      0      0      0      0      0      0      0    125      0      0      0      0      6      0      0      0    229      0    233      0      0      0      0      0   54.5      0      0      0      0      0      0    133      0      0    8.5      0   24.5      0
     10      0    193  249.5      0      0     25      0      0      0      0    250    125      0      0      0    225    1.5      0      0    250      0    250      0      1      0    0.5      0    248      0      0      0     57      0  138.5    250      0      0  241.5      0  246.5      0
    250    250    250    250    250    248    250    250   30.5    250    216    250    250    125    250    250    250    250    250    250    250   65.5    250  248.5    250  241.5    250    240    250    250  182.5    250    250  248.5    250    250     23    238    250    250    250    250
    250   49.5    250    250    2.5    0.5    250  200.5      0      7      0    250    250      0    125    219    250    250  245.5  249.5    250      0    250      0    250      0    250      0    250    250      0   22.5    250    1.5    250    250      0      0    250  239.5    250  116.5
    250      8    250    250      1      0    250   82.5      0    1.5      0    250    250      0     31    125    250    250    220  239.5    250      0    250      0  249.5      0  247.5      0    250  246.5      0    1.5    250      1    250    250      0      0    250  192.5    250   25.5
      0      0     63  248.5      0      0    1.5      0      0      0      0    244     25      0      0      0    125      0      0      0    250      0    250      0      0      0      0      0  235.5      0      0      0    5.5      0     30  245.5      0      0    185      0    217      0
  193.5      0    249    250      0      0  226.5      0      0      0      0    250  248.5      0      0      0    250    125    1.5    4.5    250      0    250      0   74.5      0     35      0    250      8      0      0  238.5      0    249    250      0      0    250    0.5    250      0
    250    1.5    250    250      0      0    250     15      0      0      0    250    250      0    4.5     30    250  248.5    125    192    250      0    250      0  247.5      0    243      0    250    224      0      0    250      0    250    250      0      0    250   70.5    250    3.5
    249      1    250    250      0      0  249.5      7      0      0      0    250    250      0    0.5   10.5    250  245.5     58    125    250      0    250      0  241.5      0    223      0    250  188.5      0      0  249.5      0    250    250      0      0    250     28    250    0.5
      0      0      0     61      0      0      0      0      0      0      0     21      0      0      0      0      0      0      0      0    125      0  124.5      0      0      0      0      0    6.5      0      0      0      0      0      0     22      0      0      1      0    1.5      0
    250    250    250    250    250    250    250    250   63.5    250    234    250    250  184.5    250    250    250    250    250    250    250    125    250    250    250    248    250    248    250    250    218    250    250    250    250    250     48  247.5    250    250    250    250
      0      0      0   60.5      0      0      0      0      0      0      0     17      0      0      0      0      0      0      0      0  125.5      0    125      0      0      0      0      0    6.5      0      0      0      0      0      0     17      0      0    1.5      0      2      0
    250    245    250    250    202   65.5    250    250      0  232.5    3.5    250    250    1.5    250    250    250    250    250    250    250      0    250    125    250   17.5    250     13    250    250      1    247    250  131.5    250    250      0     18    250    250    250    249
    217      0    249    250      0      0    236    0.5      0      0      0    250    249      0      0    0.5    250  175.5    2.5    8.5    250      0    250      0    125      0   59.5      0    250   23.5      0      0  244.5      0  249.5    250      0      0    250      1    250      0
    250    250    250    250  245.5    209    250    250      0    249     43    250    250    8.5    250    250    250    250    250    250    250      2    250  232.5    250    125    250  118.5    250    250     19    250    250    232    250    250      0  113.5    250    250    250    250
    238      0    250    250      0      0    246      1      0      0      0    250  249.5      0      0    2.5    250    215      7     27    250      0    250      0  190.5      0    125      0    250     63      0      0  248.5      0    250    250      0      0    250    3.5    250    0.5
    250    250    250    250  247.5  205.5    250    250      0    248     40    250    250     10    250    250    250    250    250    250    250      2    250    237    250  131.5    250    125    250    250     17    250    250    234    250    250    0.5  124.5    250    250    250    250
      0      0    6.5  230.5      0      0      0      0      0      0      0  195.5      2      0      0      0   14.5      0      0      0  243.5      0  243.5      0      0      0      0      0    125      0      0      0      0      0      2    199      0      0   28.5      0   70.5      0
    248      0    250    250      0      0    250    3.5      0      0      0    250    250      0      0    3.5    250    242     26   61.5    250      0    250      0  226.5      0    187      0    250    125      0      0  249.5      0    250    250      0      0    250   14.5    250      0
    250    250    250    250    250  246.5    250    250     13    250  178.5    250    250   67.5    250    250    250    250    250    250    250     32    250    249    250    231    250    233    250    250    125    250    250    249    250    250     13    230    250    250    250    250
    250    179    250    250   31.5      2    250  245.5      0     71      0    250    250      0  227.5  248.5    250    250    250    250    250      0    250      3    250      0    250      0    250    250      0    125    250     10    250    250      0      0    250  249.5    250  227.5
     37      0  229.5    250      0      0   75.5      0      0      0      0    250    193      0      0      0  244.5   11.5      0    0.5    250      0    250      0    5.5      0    1.5      0    250    0.5      0      0    125      0  198.5    249      0      0  246.5      0    248      0
    250    243    250    250    191     58    250    250      0    224      1    250    250    1.5  248.5    249    250    250    250    250    250      0    250  118.5    250     18    250     16    250    250      1    240    250    125    250    250      0     14    250    250    250  248.5
    6.5      0    188    249      0      0   19.5      0      0      0      0    250  111.5      0      0      0    220      1      0      0    250      0    250      0    0.5      0      0      0    248      0      0      0   51.5      0    125  248.5      0      0  237.5      0  244.5      0
      0      0    2.5  199.5      0      0      0      0      0      0      0    117      0      0      0      0    4.5      0      0      0    228      0    233      0      0      0      0      0     51      0      0      0      1      0    1.5    125      0      0      9      0     22      0
    250    250    250    250    250    250    250    250  156.5    250  248.5    250    250    227    250    250    250    250    250    250    250    202    250    250    250    250    250  249.5    250    250    237    250    250    250    250    250    125    250    250    250    250    250
    250    250    250    250    245  205.5    250    250    0.5    249   46.5    250    250     12    250    250    250    250    250    250    250    2.5    250    232    250  136.5    250  125.5    250    250     20    250    250    236    250    250      0    125    250    250    250    250
    0.5      0   26.5  246.5      0      0      1      0      0      0      0  241.5    8.5      0      0      0     65      0      0      0    249      0  248.5      0      0      0      0      0  221.5      0      0      0    3.5      0   12.5    241      0      0    125      0  177.5      0
    250    1.5    250    250      0      0    250     41      0      0      0    250    250      0   10.5   57.5    250  249.5  179.5    222    250      0    250      0    249      0  246.5      0    250  235.5      0    0.5    250      0    250    250      0      0    250    125    250    6.5
      0      0     15    242      0      0      0      0      0      0      0  225.5    3.5      0      0      0     33      0      0      0  248.5      0    248      0      0      0      0      0  179.5      0      0      0      2      0    5.5    228      0      0   72.5      0    125      0
    250   51.5    250    250      2    0.5    250  209.5      0   10.5      0    250    250      0  133.5  224.5    250    250  246.5  249.5    250      0    250      1    250      0  249.5      0    250    250      0   22.5    250    1.5    250    250      0      0    250  243.5    250    125

COMPONENT 2
Central weak order
35 > {5 31 40} > 41 > 7 > {16 19} > 23 > 32 > 34 > 6 > 22 > 13 > {18 37} > 20 > 14 > 30 > {1 33} > 27 > 8 > 42 > 26 > 28 > {9 10} > 38 > 3 > 11 > 25 > 12 > 4 > 17 > 15 > 39 > 2 > 24 > 21 > 29 > 36
Weight
0.250
Pairwise count matrix
    125    250    250    250      0      0      0    236    250    250    250    250      0   29.5    250      0    250      2      0     13    250      0      0    250    250  248.5    206  249.5    250     65      0      0    132      0      0    250    3.5    250    250      0      0    246
      0    125      0      5      0      0      0      0      0      0      0    1.5      0      0     25      0   13.5      0      0      0    217      0      0  182.5    0.5      0      0      0    239      0      0      0      0      0      0  237.5      0      0   61.5      0      0      0
      0    250    125    244      0      0      0      1   32.5     35    185  234.5      0      0    250      0  247.5      0      0      0    250      0      0    250  219.5      3      0      6    250      0      0      0      0      0      0    250      0     76    250      0      0      0
      0    245      6    125      0      0      0      0    0.5    0.5     15     67      0      0    220      0    179      0      0      0  249.5      0      0  247.5     30      0      0      0  249.5      0      0      0      0      0      0    250      0    2.5    234      0      0      0
    250    250    250    250    125    250    236    250    250    250    250    250    250    250    250    246    250    250    244    250    250    250  249.5    250    250    250    250    250    250    250  130.5    249    250    250     74    250    250    250    250    122    203    250
    250    250    250    250      0    125    0.5    250    250    250    250    250    219    250    250      1    250  239.5    3.5  245.5    250  176.5     11    250    250    250    250    250    250    250      0   32.5  249.5   70.5      0    250  243.5    250    250      0      0    250
    250    250    250    250     14  249.5    125    250    250    250    250    250    250    250    250  196.5    250    250    200    250    250    250    233    250    250    250    250    250    250    250   15.5  241.5    250    247    6.5    250    250    250    250     20   65.5    250
     14    250    249    250      0      0      0    125  243.5    247    250    250      0      1    250      0    250      0      0      1    250      0      0    250    250    218   66.5  237.5    250      5      0      0     20      0      0    250    0.5  248.5    250      0      0  180.5
      0    250  217.5  249.5      0      0      0    6.5    125    128  239.5    249      0      0    250      0    249      0      0      0    250      0      0    250    247     23      1   54.5    250      0      0      0    0.5      0      0    250      0    196    250      0      0   11.5
      0    250    215  249.5      0      0      0      3    122    125    238  248.5      0      0    250      0    250      0      0      0    250      0      0    250    247     18      1   47.5    250      0      0      0      0      0      0    250      0  188.5    250      0      0     10
      0    250     65    235      0      0      0      0   10.5     12    125  211.5      0      0  248.5      0  244.5      0      0      0    250      0      0    250  186.5    0.5      0      1    250      0      0      0      0      0      0    250      0   27.5    250      0      0      0
      0  248.5   15.5    183      0      0      0      0      1    1.5   38.5    125      0      0  237.5      0    214      0      0      0  249.5      0      0    250   74.5      0      0      0    250      0      0      0      0      0      0    250      0    5.5    246      0      0      0
    250    250    250    250      0     31      0    250    250    250    250    250    125  247.5    250      0    250    193      0  235.5    250   74.5      2    250    250    250    250    250    250    250      0      5  249.5     14      0    250    197    250    250      0      0    250
  220.5    250    250    250      0      0      0    249    250    250    250    250    2.5    125    250      0    250     21      0   61.5    250      2      0    250    250    250    242    250    250    188      0      0    226      0      0    250   18.5    250    250      0      0    250
      0    225      0     30      0      0      0      0      0      0    1.5   12.5      0      0    125      0   64.5      0      0      0  246.5      0      0    242      2      0      0      0  249.5      0      0      0      0      0      0    250      0      0    189      0      0      0
    250    250    250    250      4    249   53.5    250    250    250    250    250    250    250    250    125    250    250    122    250    250    250    196    250    250    250    250    250    250    250    3.5  223.5    250    242    1.5    250    250    250    250    6.5   20.5    250
      0  236.5    2.5     71      0      0      0      0      1      0    5.5     36      0      0  185.5      0    125      0      0      0  249.5      0      0    244   16.5      0      0      0    250      0      0      0      0      0      0    249      0    0.5    215      0      0      0
    248    250    250    250      0   10.5      0    250    250    250    250    250     57    229    250      0    250    125      0  194.5    250     26      0    250    250    250  248.5    250    250    241      0      1    246      3      0    250    123    250    250      0      0    250
    250    250    250    250      6  246.5     50    250    250    250    250    250    250    250    250    128    250    250    125    250    250    248    200    250    250    250    250    250    250    250      3  229.5    250  243.5    5.5    250    250    250    250    6.5   24.5    250
    237    250    250    250      0    4.5      0    249    250    250    250    250   14.5  188.5    250      0    250   55.5      0    125    250      7    0.5    250    250    250  245.5    250    250  220.5      0    0.5    239    2.5      0    250   50.5    250    250      0      0  249.5
      0     33      0    0.5      0      0      0      0      0      0      0    0.5      0      0    3.5      0    0.5      0      0      0    125      0      0     66      0      0      0      0  192.5      0      0      0      0      0      0    205      0      0   10.5      0      0      0
    250    250    250    250      0   73.5      0    250    250    250    250    250  175.5    248    250      0    250    224      2    243    250    125    2.5    250    250    250    250    250    250    249      0     12    250   31.5      0    250  227.5    250    250      0      0    250
    250    250    250    250    0.5    239     17    250    250    250    250    250    248    250    250     54    250    250     50  249.5    250  247.5    125    250    250    250    250    250    250    250    0.5    184    250  222.5      0    250    250    250    250    0.5      7    250
      0   67.5      0    2.5      0      0      0      0      0      0      0      0      0      0      8      0      6      0      0      0    184      0      0    125      0      0      0      0  221.5      0      0      0      0      0      0  228.5      0      0   28.5      0      0      0
      0  249.5   30.5    220      0      0      0      0      3      3   63.5  175.5      0      0    248      0  233.5      0      0      0    250      0      0    250    125      0      0    0.5    250      0      0      0      0      0      0    250      0     13    248      0      0      0
    1.5    250    247    250      0      0      0     32    227    232  249.5    250      0      0    250      0    250      0      0      0    250      0      0    250    250    125   17.5  175.5    250    0.5      0      0      2      0      0    250      0  245.5    250      0      0   72.5
     44    250    250    250      0      0      0  183.5    249    249    250    250      0      8    250      0    250    1.5      0    4.5    250      0      0    250    250  232.5    125  241.5    250     14      0      0     59      0      0    250    0.5    250    250      0      0    220
    0.5    250    244    250      0      0      0   12.5  195.5  202.5    249    250      0      0    250      0    250      0      0      0    250      0      0    250  249.5   74.5    8.5    125    250    0.5      0      0      1      0      0    250      0  235.5    250      0      0   39.5
      0     11      0    0.5      0      0      0      0      0      0      0      0      0      0    0.5      0      0      0      0      0   57.5      0      0   28.5      0      0      0      0    125      0      0      0      0      0      0  145.5      0      0    2.5      0      0      0
    185    250    250    250      0      0      0    245    250    250    250    250      0     62    250      0    250      9      0   29.5    250      1      0    250    250  249.5    236  249.5    250    125      0      0  189.5      0      0    250    9.5    250    250      0      0    249
    250    250    250    250  119.5    250  234.5    250    250    250    250    250    250    250    250  246.5    250    250    247    250    250    250  249.5    250    250    250    250    250    250    250    125    249    250    250   69.5    250    250    250    250    121  202.5    250
    250    250    250    250      1  217.5    8.5    250    250    250    250    250    245    250    250   26.5    250    249   20.5  249.5    250    238     66    250    250    250    250    250    250    250      1    125    250  183.5      1    250    248    250    250    0.5      4    250
    118    250    250    250      0    0.5      0    230  249.5    250    250    250    0.5     24    250      0    250      4      0     11    250      0      0    250    250    248    191    249    250   60.5      0      0    125      0      0    250    2.5    250    250      0      0    242
    250    250    250    250      0  179.5      3    250    250    250    250    250    236    250    250      8    250    247    6.5  247.5    250  218.5   27.5    250    250    250    250    250    250    250      0   66.5    250    125      0    250    247    250    250      0      2    250
    250    250    250    250    176    250  243.5    250    250    250    250    250    250    250    250  248.5    250    250  244.5    250    250    250    250    250    250    250    250    250    250    250  180.5    249    250    250    125    250    250    250    250    177  229.5    250
      0   12.5      0      0      0      0      0      0      0      0      0      0      0      0      0      0      1      0      0      0     45      0      0   21.5      0      0      0      0  104.5      0      0      0      0      0      0    125      0      0    2.5      0      0      0
  246.5    250    250    250      0    6.5      0  249.5    250    250    250    250     53  231.5    250      0    250    127      0  199.5    250   22.5      0    250    250    250  249.5    250    250  240.5      0      2  247.5      3      0    250    125    250    250      0      0    250
      0    250    174  247.5      0      0      0    1.5     54   61.5  222.5  244.5      0      0    250      0  249.5      0      0      0    250      0      0    250    237    4.5      0   14.5    250      0      0      0      0      0      0    250      0    125    250      0      0    1.5
      0  188.5      0     16      0      0      0      0      0      0      0      4      0      0     61      0     35      0      0      0  239.5      0      0  221.5      2      0      0      0  247.5      0      0      0      0      0      0  247.5      0      0    125      0      0      0
    250    250    250    250    128    250    230    250    250    250    250    250    250    250    250  243.5    250    250  243.5    250    250    250  249.5    250    250    250    250    250    250    250    129  249.5    250    250     73    250    250    250    250    125    209    250
    250    250    250    250     47    250  184.5    250    250    250    250    250    250    250    250  229.5    250    250  225.5    250    250    250    243    250    250    250    250    250    250    250   47.5    246    250    248   20.5    250    250    250    250     41    125    250
      4    250    250    250      0      0      0   69.5  238.5    240    250    250      0      0    250      0    250      0      0    0.5    250      0      0    250    250  177.5     30  210.5    250      1      0      0      8      0      0    250      0  248.5    250      0      0    125

COMPONENT 3
Central weak order
20 > {21 29} > 41 > 22 > {26 27} > {2 10} > {17 18} > 19 > 23 > 5 > 30 > 36 > {1 31} > 39 > 37 > 12 > 40 > 4 > 7 > {14 35} > 13 > 16 > {6 32} > {3 25} > 11 > 34 > {24 42} > 15 > 9 > 38 > 33 > 8 > 28
Weight
0.250
Pairwise count matrix
    125      0    250    249    7.5    250  249.5    250    250      0    250    237    250    250    250    250    0.5      0    0.5      0      0      0    2.5    250    250      0      0    250      0     20  120.5    250    250    250    250     50  221.5    250    198    246      0    250
    250    125    250    250    248    250    250    250    250    125    250    250    250    250    250    250  198.5  212.5  236.5    0.5      2   11.5  245.5    250    250   41.5   35.5    250      2  249.5    250    250    250    250    250    250    250    250    250    250      3    250
      0      0    125      0      0     43      0    250  248.5      0    190      0      5    0.5    245     17      0      0      0      0      0      0      0    242    128      0      0    250      0      0      0   47.5  249.5  221.5      2      0      0  249.5      0      0      0  240.5
      1      0    250    125      0  248.5    187    250    250      0    250   35.5    242  221.5    250  247.5      0      0      0      0      0      0      0    250  249.5      0      0    250      0      0    0.5    248    250    250    232      0   15.5    250    3.5     63      0    250
  242.5      2    250    250    125    250    250    250    250    1.5    250    250    250    250    250    250    9.5    8.5   26.5      0      0    0.5     60    250    250      1      1    250      0  172.5  238.5    250    250    250    250    222  249.5    250  248.5  249.5    0.5    250
      0      0    207    1.5      0    125    1.5    250    250      0    235      0   20.5    5.5  248.5     55      0      0      0      0      0      0      0  247.5    209      0      0    250      0      0      0    128    250    245      7      0      0    250      0      0      0  248.5
    0.5      0    250     63      0  248.5    125    250    250      0    250   15.5    231  188.5    250  245.5      0      0      0      0      0      0      0    250    249      0      0    250      0      0      1    247    250  249.5    205      0      4    250      3   23.5      0    250
      0      0      0      0      0      0      0    125     13      0      0      0      0      0    6.5      0      0      0      0      0      0      0      0    1.5      0      0      0    156      0      0      0      0   57.5      0      0      0      0     36      0      0      0      4
      0      0    1.5      0      0      0      0    237    125      0    2.5      0      0      0   68.5      0      0      0      0      0      0      0      0   26.5      1      0      0  242.5      0      0      0      1    216    6.5      0      0      0  184.5      0      0      0   24.5
    250    125    250    250  248.5    250    250    250    250    125    250    250    250    250    250    250  203.5    214    240      1      3   10.5  247.5    250    250   44.5     44    250    2.5    250    250    250    250    250    250    250    250    250    250    250    5.5    250
      0      0     60      0      0     15      0    250  247.5      0    125      0    0.5      1    242      4      0      0      0      0      0      0      0  233.5   58.5      0      0    250      0      0      0   17.5    250    189      0      0      0    249      0      0      0  227.5
     13      0    250  214.5      0    250  234.5    250    250      0    250    125    249  244.5    250    250      0      0      0      0      0      0      0    250    250      0      0    250      0    0.5   10.5    250    250    250  246.5      4   65.5    250     33    176      0    250
      0      0    245      8      0  229.5     19    250    250      0  249.5      1    125   60.5    250  187.5      0      0      0      0      0      0      0    250    247      0      0    250      0      0    0.5    225    250    249   64.5      0      0    250      0      2      0    250
      0      0  249.5   28.5      0  244.5   61.5    250    250      0    249    5.5  189.5    125    250    227      0      0      0      0      0      0      0    250    250      0      0    250      0      0      0    241    250    250    135      0      1    250      0      8      0    250
      0      0      5      0      0    1.5      0  243.5  181.5      0      8      0      0      0    125      0      0      0      0      0      0      0      0   60.5      3      0      0    248      0      0      0      1  234.5     16      0      0      0    218      0      0      0     56
      0      0    233    2.5      0    195    4.5    250    250      0    246      0   62.5     23    250    125      0      0      0      0      0      0      0    250    234      0      0    250      0      0      0    196    250    249     25      0      0    250      0      0      0    250
  249.5   51.5    250    250  240.5    250    250    250    250   46.5    250    250    250    250    250    250    125    135  203.5      0      0    2.5    224    250    250     15     11    250      0    247  249.5    250    250    250    250    250    250    250    250    250      1    250
    250   37.5    250    250  241.5    250    250    250    250     36    250    250    250    250    250    250    115    125  193.5      0      0      0    227    250    250      7      9    250      0    245    250    250    250    250    250    249    250    250    250    250      0    250
  249.5   13.5    250    250  223.5    250    250    250    250     10    250    250    250    250    250    250   46.5   56.5    125      0      0      0  176.5    250    250      1    4.5    250      0    233    248    250    250    250    250    247    250    250  249.5    250      0    250
    250  249.5    250    250    250    250    250    250    250    249    250    250    250    250    250    250    250    250    250    125    166  236.5    250    250    250  246.5  246.5    250    173    250    250    250    250    250    250    250    250    250    250    250  218.5    250
    250    248    250    250    250    250    250    250    250    247    250    250    250    250    250    250    250    250    250     84    125  228.5    250    250    250    241  239.5    250    130    250    250    250    250    250    250    250    250    250    250    250    195    250
    250  238.5    250    250  249.5    250    250    250    250  239.5    250    250    250    250    250    250  247.5    250    250   13.5   21.5    125    250    250    250    202  189.5    250   26.5    250    250    250    250    250    250    250    250    250    250    250   62.5    250
  247.5    4.5    250    250    190    250    250    250    250    2.5    250    250    250    250    250    250     26     23   73.5      0      0      0    125    250    250    0.5    0.5    250      0  220.5    246    250    250    250    250  242.5  249.5    250  248.5    250      0    250
      0      0      8      0      0    2.5      0  248.5  223.5      0   16.5      0      0      0  189.5      0      0      0      0      0      0      0      0    125      5      0      0    250      0      0      0    3.5  242.5     45      0      0      0    236      0      0      0    112
      0      0    122    0.5      0     41      1    250    249      0  191.5      0      3      0    247     16      0      0      0      0      0      0      0    245    125      0      0    250      0      0      0   44.5    250  226.5    1.5      0      0  249.5      0      0      0    242
    250  208.5    250    250    249    250    250    250    250  205.5    250    250    250    250    250    250    235    243    249    3.5      9     48  249.5    250    250    125  115.5    250     13    250    250    250    250    250    250    250    250    250    250    250     23    250
    250  214.5    250    250    249    250    250    250    250    206    250    250    250    250    250    250    239    241  245.5    3.5   10.5   60.5  249.5    250    250  134.5    125    250   14.5    250    250    250    250    250    250    250    250    250    250    250     27    250
      0      0      0      0      0      0      0     94    7.5      0      0      0      0      0      2      0      0      0      0      0      0      0      0      0      0      0      0    125      0      0      0      0   46.5      0      0      0      0     24      0      0      0    0.5
    250    248    250    250    250    250    250    250    250  247.5    250    250    250    250    250    250    250    250    250     77    120  223.5    250    250    250    237  235.5    250    125    250    250    250    250    250    250    250    250    250    250    250    193    250
    230    0.5    250    250   77.5    250    250    250    250      0    250  249.5    250    250    250    250      3      5     17      0      0      0   29.5    250    250      0      0    250      0    125    226    250    250    250    250  187.5    250    250  244.5  249.5      0    250
  129.5      0    250  249.5   11.5    250    249    250    250      0    250  239.5  249.5    250    250    250    0.5      0      2      0      0      0      4    250    250      0      0    250      0     24    125    250    250    250    250     61  229.5    250    199    246      0    250
      0      0  202.5      2      0    122      3    250    249      0  232.5      0     25      9    249     54      0      0      0      0      0      0      0  246.5  205.5      0      0    250      0      0      0    125    250    241      9      0      0    250      0      0      0  247.5
      0      0    0.5      0      0      0      0  192.5     34      0      0      0      0      0   15.5      0      0      0      0      0      0      0      0    7.5      0      0      0  203.5      0      0      0      0    125    1.5      0      0      0     75      0      0      0      5
      0      0   28.5      0      0      5    0.5    250  243.5      0     61      0      1      0    234      1      0      0      0      0      0      0      0    205   23.5      0      0    250      0      0      0      9  248.5    125    0.5      0      0    248      0      0      0    202
      0      0    248     18      0    243     45    250    250      0    250    3.5  185.5    115    250    225      0      0      0      0      0      0      0    250  248.5      0      0    250      0      0      0    241    250  249.5    125      0    0.5    250      0      3      0    250
    200      0    250    250     28    250    250    250    250      0    250    246    250    250    250    250      0      1      3      0      0      0    7.5    250    250      0      0    250      0   62.5    189    250    250    250    250    125  242.5    250  230.5  247.5      0    250
   28.5      0    250  234.5    0.5    250    246    250    250      0    250  184.5    250    249    250    250      0      0      0      0      0      0    0.5    250    250      0      0    250      0      0   20.5    250    250    250  249.5    7.5    125    250     77    218      0    250
      0      0    0.5      0      0      0      0    214   65.5      0      1      0      0      0     32      0      0      0      0      0      0      0      0     14    0.5      0      0    226      0      0      0      0    175      2      0      0      0    125      0      0      0     12
     52      0    250  246.5    1.5    250    247    250    250      0    250    217    250    250    250    250      0      0    0.5      0      0      0    1.5    250    250      0      0    250      0    5.5     51    250    250    250    250   19.5    173    250    125    240      0    250
      4      0    250    187    0.5    250  226.5    250    250      0    250     74    248    242    250    250      0      0      0      0      0      0      0    250    250      0      0    250      0    0.5      4    250    250    250    247    2.5     32    250     10    125      0    250
    250    247    250    250  249.5    250    250    250    250  244.5    250    250    250    250    250    250    249    250    250   31.5     55  187.5    250    250    250    227    223    250     57    250    250    250    250    250    250    250    250    250    250    250    125    250
      0      0    9.5      0      0    1.5      0    246  225.5      0   22.5      0      0      0    194      0      0      0      0      0      0      0      0    138      8      0      0  249.5      0      0      0    2.5    245     48      0      0      0    238      0      0      0    125

COMPONENT 4
Central weak order
{18 30} > 6 > {1 20} > 16 > 19 > {2 12} > {23 37} > {9 32} > 39 > {5 15} > 42 > 4 > 26 > {34 35} > 36 > 3 > 28 > 11 > 25 > 7 > 21 > {13 14} > 10 > 41 > {17 27} > 38 > 8 > 24 > {22 29 33 40} > 31
Weight
0.250
Pairwise count matrix
    125    242    250    250    250     58    250    250    250    250    250    242    250    250    250    189    250     21    219    125    250    250  247.5    250    250    250    250    250    250     20    250    250    250    250    250    250    249    250    250    250    250    250
      8    125    250    250    250      3    250    250    239    250    250  127.5    250    250    250     33    250      1     52      8    250    250  211.5    250    250    250    250    250    250    0.5    250  240.5    250    250    250    250  209.5    250  247.5    250    250    250
      0      0    125      3      0      0  245.5    250      0    250    214      0    249    250      0      0    250      0      0      0  248.5    250      0    250  240.5    5.5    250    172    250      0    250      0    250     15     17     65      0    250      0    250    250    0.5
      0      0    247    125     26      0    250    250    0.5    250    250      0    250    250   24.5      0    250      0      0      0    250    250    0.5    250    250    178    250  248.5    250      0    250      1    250  220.5    219    239      0    250   11.5    250    250     67
      0      0    250    224    125      0    250    250   15.5    250    250      0    250    250    115      0    250      0      0      0    250    250    2.5    250    250  239.5    250    250    250      0    250     15    250    247  245.5    249    3.5    250   55.5    250    250  189.5
    192    247    250    250    250    125    250    250    250    250    250  248.5    250    250    250    230    250   53.5    240  190.5    250    250    249    250    250    250    250    250    250   51.5    250    250    250    250    250    250  249.5    250    250    250    250    250
      0      0    4.5      0      0      0    125    250      0  244.5     31      0    227    225      0      0  249.5      0      0      0  183.5    250      0    250     80      0    250     13    250      0    250      0    250      0      0    1.5      0    250      0    250  247.5      0
      0      0      0      0      0      0      0    125      0    0.5      0      0    0.5      0      0      0   27.5      0      0      0      0  232.5      0    190      0      0   22.5      0    234      0    241      0    233      0      0      0      0   69.5      0  231.5    8.5      0
      0     11    250  249.5  234.5      0    250    250    125    250    250     13    250    250  231.5    0.5    250      0      1      0    250    250   48.5    250    250    250    250    250    250      0    250    121    250    250    250    250   47.5    250    207    250    250  246.5
      0      0      0      0      0      0    5.5  249.5      0    125      0      0     47     51      0      0    231      0      0      0   14.5    250      0    250      1      0  224.5      0    250      0    250      0    250      0      0      0      0    244      0  249.5    184      0
      0      0     36      0      0      0    219    250      0    250    125      0    246  248.5      0      0    250      0      0      0    235    250      0    250  188.5      0    250   65.5    250      0    250      0    250    4.5    2.5   16.5      0    250      0    250    250      0
      8  122.5    250    250    250    1.5    250    250    237    250    250    125    250    250    250   25.5    250    0.5   45.5     11    250    250    208    250    250    250    250    250    250      1    250  240.5    250    250    250    250  205.5    250    248    250    250    250
      0      0      1      0      0      0     23  249.5      0    203      4      0    125  122.5      0      0    246      0      0      0     54    250      0    250     11      0  245.5      3    250      0    250      0    250      0      0      1      0  248.5      0    250  225.5      0
      0      0      0      0      0      0     25    250      0    199    1.5      0  127.5    125      0      0  245.5      0      0      0   53.5    250      0  249.5      8      0  243.5    1.5    250      0    250      0    250      0      0      0      0  248.5      0    250    223      0
      0      0    250  225.5    135      0    250    250   18.5    250    250      0    250    250    125      0    250      0      0      0    250    250      3    250    250    244    250    250    250      0    250   15.5    250    248    249    249    5.5    250     63    250    250    197
     61    217    250    250    250     20    250    250  249.5    250    250  224.5    250    250    250    125    250    3.5  177.5     60    250    250  243.5    250    250    250    250    250    250    3.5    250    250    250    250    250    250  241.5    250    250    250    250    250
      0      0      0      0      0      0    0.5  222.5      0     19      0      0      4    4.5      0      0    125      0      0      0      1    249      0    241      0      0  124.5      0    249      0    249      0    248      0      0      0      0    196      0    246   54.5      0
    229    249    250    250    250  196.5    250    250    250    250    250  249.5    250    250    250  246.5    250    125  247.5    232    250    250    249    250    250    250    250    250    250  126.5    250    250    250    250    250    250    250    250    250    250    250    250
     31    198    250    250    250     10    250    250    249    250    250  204.5    250    250    250   72.5    250    2.5    125     27    250    250    237    250    250    250    250    250    250    1.5    250    249    250    250    250    250    239    250    250    250    250    250
    125    242    250    250    250   59.5    250    250    250    250    250    239    250    250    250    190    250     18    223    125    250    250  247.5    250    250    250    250    250    250   19.5    250  249.5    250    250    250    250    248    250    250    250    250    250
      0      0    1.5      0      0      0   66.5    250      0  235.5     15      0    196  196.5      0      0    249      0      0      0    125    250      0    250   32.5      0    248      6    250      0    250      0    250      0      0      1      0    250      0    250  241.5      0
      0      0      0      0      0      0      0   17.5      0      0      0      0      0      0      0      0      1      0      0      0      0    125      0     43      0      0      2      0    130      0  184.5      0  125.5      0      0      0      0    8.5      0  122.5      0      0
    2.5   38.5    250  249.5  247.5      1    250    250  201.5    250    250     42    250    250    247    6.5    250      1     13    2.5    250    250    125    250    250    250    250    250    250      0    250    200    250    250    250    250    124    250  236.5    250    250  249.5
      0      0      0      0      0      0      0     60      0      0      0      0      0    0.5      0      0      9      0      0      0      0    207      0    125      0      0    9.5      0    214      0  232.5      0  209.5      0      0      0      0     28      0  204.5    2.5      0
      0      0    9.5      0      0      0    170    250      0    249   61.5      0    239    242      0      0    250      0      0      0  217.5    250      0    250    125      0    250   29.5    250      0    250      0    250      0      0      3      0    250      0    250  249.5      0
      0      0  244.5     72   10.5      0    250    250      0    250    250      0    250    250      6      0    250      0      0      0    250    250      0    250    250    125    250  247.5    250      0    250      1    250    193  199.5    229      0    250    3.5    250    250     32
      0      0      0      0      0      0      0  227.5      0   25.5      0      0    4.5    6.5      0      0  125.5      0      0      0      2    248      0  240.5      0      0    125      0    248      0  248.5      0  247.5      0      0      0      0    192      0    249   57.5      0
      0      0     78    1.5      0      0    237    250      0    250  184.5      0    247  248.5      0      0    250      0      0      0    244    250      0    250  220.5    2.5    250    125    250      0    250      0    250      9    7.5   29.5      0    250      0    250    250      0
      0      0      0      0      0      0      0     16      0      0      0      0      0      0      0      0      1      0      0      0      0    120      0     36      0      0      2      0    125      0    187      0    121      0      0      0      0    7.5      0  121.5      0      0
    230  249.5    250    250    250  198.5    250    250    250    250    250    249    250    250    250  246.5    250  123.5  248.5  230.5    250    250    250    250    250    250    250    250    250    125    250    250    250    250    250    250    250    250    250    250    250    250
      0      0      0      0      0      0      0      9      0      0      0      0      0      0      0      0      1      0      0      0      0   65.5      0   17.5      0      0    1.5      0     63      0    125      0   63.5      0      0      0      0      3      0   55.5      0      0
      0    9.5    250    249    235      0    250    250    129    250    250    9.5    250    250  234.5      0    250      0      1    0.5    250    250     50    250    250    249    250    250    250      0    250    125    250    250    250    250   43.5    250  204.5    250    250    247
      0      0      0      0      0      0      0     17      0      0      0      0      0      0      0      0      2      0      0      0      0  124.5      0   40.5      0      0    2.5      0    129      0  186.5      0    125      0      0      0      0    7.5      0  113.5      0      0
      0      0    235   29.5      3      0    250    250      0    250  245.5      0    250    250      2      0    250      0      0      0    250    250      0    250    250     57    250    241    250      0    250      0    250    125  124.5    200      0    250    1.5    250    250   10.5
      0      0    233     31    4.5      0    250    250      0    250  247.5      0    250    250      1      0    250      0      0      0    250    250      0    250    250   50.5    250  242.5    250      0    250      0    250  125.5    125  200.5      0    250    1.5    250    250     11
      0      0    185     11      1      0  248.5    250      0    250  233.5      0    249    250      1      0    250      0      0      0    249    250      0    250    247     21    250  220.5    250      0    250      0    250     50   49.5    125      0    250      0    250    250    2.5
      1   40.5    250    250  246.5    0.5    250    250  202.5    250    250   44.5    250    250  244.5    8.5    250      0     11      2    250    250    126    250    250    250    250    250    250      0    250  206.5    250    250    250    250    125    250    238    250    250    249
      0      0      0      0      0      0      0  180.5      0      6      0      0    1.5    1.5      0      0     54      0      0      0      0  241.5      0    222      0      0     58      0  242.5      0    247      0  242.5      0      0      0      0    125      0  242.5     20      0
      0    2.5    250  238.5  194.5      0    250    250     43    250    250      2    250    250    187      0    250      0      0      0    250    250   13.5    250    250  246.5    250    250    250      0    250   45.5    250  248.5  248.5    250     12    250    125    250    250  230.5
      0      0      0      0      0      0      0   18.5      0    0.5      0      0      0      0      0      0      4      0      0      0      0  127.5      0   45.5      0      0      1      0  128.5      0  194.5      0  136.5      0      0      0      0    7.5      0    125      1      0
      0      0      0      0      0      0    2.5  241.5      0     66      0      0   24.5     27      0      0  195.5      0      0      0    8.5    250      0  247.5    0.5      0  192.5      0    250      0    250      0    250      0      0      0      0    230      0    249    125      0
      0      0  249.5    183   60.5      0    250    250    3.5    250    250      0    250    250     53      0    250      0      0      0    250    250    0.5    250    250    218    250    250    250      0    250      3    250  239.5    239  247.5      1    250   19.5    250    250    125

