COMPONENT 1
Central weak order
6 > 18 > 9 > 21 > 1 > {16 22 31} > 32 > 25 > 27 > {4 26} > {2 8 29} > 36 > 17 > 35 > 30 > 10 > 23 > 14 > {3 7 11 12 20 28} > 19 > 5 > 34 > 33 > 24 > 15 > 13
Weight
0.250
Pairwise count matrix
    125    250    250    250    250      5    250    250     20    250    250    250    250    250    250  205.5    250    7.5    250    250   61.5  203.5    250    250  245.5  249.5    248    250    250    250    204    235    250    250    250    250
      0    125    250     34    250      0    250  121.5      0    249    250    250    250    250    250      1    234      0    250    250      0      0    250    250    3.5     37   13.5    250  135.5    247      0    2.5    250    250    244  215.5
      0      0    125      0  241.5      0    116      0      0    2.5  126.5    132  249.5     35    250      0      0      0  214.5    131      0      0   11.5    250      0      0      0    130      0    2.5      0      0    247    248      0      0
      0    216    250    125    250      0    250    217      0    250    250    250    250    250    250    1.5    246      0    250    250      0    3.5    250    250   25.5    137     65    250  218.5    250      1    7.5    250    250  248.5    245
      0      0    8.5      0    125      0    8.5      0      0      0   10.5    9.5  249.5    0.5  246.5      0      0      0     50     10      0      0    0.5  240.5      0      0      0   12.5      0      0      0      0  222.5    188      0      0
    245    250    250    250    250    125    250    250    206    250    250    250    250    250    250  249.5    250    148    250    250  238.5  249.5    250    250    250    250    250    250    250    250    250    250    250    250    250    250
      0      0    134      0  241.5      0    125      0      0    6.5    136  134.5    250   38.5  249.5      0    0.5      0  221.5    137      0      0   13.5  249.5      0      0      0    135      0      1      0      0  247.5    246    0.5      0
      0  128.5    250     33    250      0    250    125      0  249.5    250    250    250    250    250    0.5    237      0    250    250      0    1.5    250    250    7.5     45   16.5    250  143.5    249    0.5    1.5    250    250    242    215
    230    250    250    250    250     44    250    250    125    250    250    250    250    250    250    246    250   54.5    250    250  203.5    246    250    250    250    250    250    250    250    250  248.5  248.5    250    250    250    250
      0      1  247.5      0    250      0  243.5    0.5      0    125    245  246.5    250  223.5    250      0    9.5      0  249.5    247      0      0  189.5    250      0      0      0    249    0.5   63.5      0      0    250    250   26.5      3
      0      0  123.5      0  239.5      0    114      0      0      5    125  127.5    250     31  249.5      0      0      0  211.5  120.5      0      0     10  249.5      0      0      0  124.5      0      1      0      0    248  247.5    0.5      0
      0      0    118      0  240.5      0  115.5      0      0    3.5  122.5    125    250     34  249.5      0      0      0  210.5  129.5      0      0     15    250      0      0      0    121      0      1      0      0    249  248.5    0.5      0
      0      0    0.5      0    0.5      0      0      0      0      0      0      0    125      0     90      0      0      0    0.5      0      0      0      0   37.5      0      0      0    0.5      0      0      0      0   12.5      6      0      0
      0      0    215      0  249.5      0  211.5      0      0   26.5    219    216    250    125    250      0    0.5      0  241.5  216.5      0      0   69.5    250      0      0      0    223      0    5.5      0      0    250    249    2.5    0.5
      0      0      0      0    3.5      0    0.5      0      0      0    0.5    0.5    160      0    125      0      0      0    1.5      0      0      0      0   60.5      0      0      0      1      0      0      0      0     23     18      0      0
   44.5    249    250  248.5    250    0.5    250  249.5      4    250    250    250    250    250    250    125    250      1    250    250   17.5  120.5    250    250    224    248    243    250  249.5    250    120    197    250    250    250    250
      0     16    250      4    250      0  249.5     13      0  240.5    250    250    250  249.5    250      0    125      0    250    250      0      0    247    250      0      4    1.5    250   18.5    223      0      0    250    250    188   66.5
  242.5    250    250    250    250    102    250    250  195.5    250    250    250    250    250    250    249    250    125    250    250  230.5  248.5    250    250  249.5    250    250    250    250    250    249    249    250    250    250    250
      0      0   35.5      0    200      0   28.5      0      0    0.5   38.5   39.5  249.5    8.5  248.5      0      0      0    125     41      0      0      2  246.5      0      0      0   43.5      0    0.5      0      0  240.5    230      0      0
      0      0    119      0    240      0    113      0      0      3  129.5  120.5    250   33.5    250      0      0      0    209    125      0      0   12.5  249.5      0      0      0  122.5      0    1.5      0      0  248.5  247.5      0      0
  188.5    250    250    250    250   11.5    250    250   46.5    250    250    250    250    250    250  232.5    250   19.5    250    250    125  235.5    250    250    248    250  249.5    250    250    250    239    244    250    250    250    250
   46.5    250    250  246.5    250    0.5    250  248.5      4    250    250    250    250    250    250  129.5    250    1.5    250    250   14.5    125    250    250  231.5    248    246    250    250    250    128  208.5    250    250    250    250
      0      0  238.5      0  249.5      0  236.5      0      0   60.5    240    235    250  180.5    250      0      3      0    248  237.5      0      0    125    250      0      0      0  238.5      1     22      0      0    250    250      8    0.5
      0      0      0      0    9.5      0    0.5      0      0      0    0.5      0  212.5      0  189.5      0      0      0    3.5    0.5      0      0      0    125      0      0      0      1      0      0      0      0   68.5     34      0      0
    4.5  246.5    250  224.5    250      0    250  242.5      0    250    250    250    250    250    250     26    250    0.5    250    250      2   18.5    250    250    125    229    187    250  247.5    250   17.5     59    250    250    250  249.5
    0.5    213    250    113    250      0    250    205      0    250    250    250    250    250    250      2    246      0    250    250      0      2    250    250     21    125   54.5    250    212    250      2    9.5    250    250  249.5    243
      2  236.5    250    185    250      0    250  233.5      0    250    250    250    250    250    250      7  248.5      0    250    250    0.5      4    250    250     63  195.5    125    250    239    250      5     23    250    250    250    250
      0      0    120      0  237.5      0    115      0      0      1  125.5    129  249.5     27    249      0      0      0  206.5  127.5      0      0   11.5    249      0      0      0    125      0      1      0      0    247    243    0.5      0
      0  114.5    250   31.5    250      0    250  106.5      0  249.5    250    250    250    250    250    0.5  231.5      0    250    250      0      0    249    250    2.5     38     11    250    125    247      0    1.5    250    250    244    209
      0      3  247.5      0    250      0    249      1      0  186.5    249    249    250  244.5    250      0     27      0  249.5  248.5      0      0    228    250      0      0      0    249      3    125      0      0    250    250   61.5     11
     46    250    250    249    250      0    250  249.5    1.5    250    250    250    250    250    250    130    250      1    250    250     11    122    250    250  232.5    248    245    250    250    250    125    198    250    250    250    250
     15  247.5    250  242.5    250      0    250  248.5    1.5    250    250    250    250    250    250     53    250      1    250    250      6   41.5    250    250    191  240.5    227    250  248.5    250     52    125    250    250    250    250
      0      0      3      0   27.5      0    2.5      0      0      0      2      1  237.5      0    227      0      0      0    9.5    1.5      0      0      0  181.5      0      0      0      3      0      0      0      0    125     70      0      0
      0      0      2      0     62      0      4      0      0      0    2.5    1.5    244      1    232      0      0      0     20    2.5      0      0      0    216      0      0      0      7      0      0      0      0    180    125      0      0
      0      6    250    1.5    250      0  249.5      8      0  223.5  249.5  249.5    250  247.5    250      0     62      0    250    250      0      0    242    250      0    0.5      0  249.5      6  188.5      0      0    250    250    125     32
      0   34.5    250      5    250      0    250     35      0    247    250    250    250  249.5    250      0  183.5      0    250    250      0      0  249.5    250    0.5      7      0    250     41    239      0      0    250    250    218    125

COMPONENT 2
Central weak order
4 > 30 > 5 > 14 > 9 > {11 15 23} > {1 13} > 28 > 16 > {17 18 21} > 10 > 24 > 19 > 20 > {26 36} > {32 33} > 2 > {7 27} > 25 > 8 > 22 > {12 29} > 34 > 31 > 35 > 3 > 6
Weight
0.250
Pairwise count matrix
    125    250    250      0      1    250    250    250      7    250   35.5    250    127      2     37    232  246.5  246.5    250    250  246.5    250   29.5  249.5    250    250    250    199    250      0    250    250    250    250    250    250
      0    125    250      0      0    250    203    246      0      1      0  249.5      0      0      0      0      0      0      1    2.5      0    246      0      0  231.5     11    200      0    250      0    250   54.5     58    250    250   13.5
      0      0    125      0      0  164.5      0      0      0      0      0      2      0      0      0      0      0      0      0      0      0      0      0      0      0      0      0      0      3      0     21      0      0      9   73.5      0
    250    250    250    125  208.5    250    250    250  245.5    250  247.5    250  249.5  234.5    249    250    250    250    250    250    250    250    250    250    250    250    250    250    250    168    250    250    250    250    250    250
    249    250    250   41.5    125    250    250    250  229.5    250  246.5    250    250    188  244.5    250    250    250    250    250    250    250  244.5    250    250    250    250    250    250     70    250    250    250    250    250    250
      0      0   85.5      0      0    125      0      0      0      0      0    1.5      0      0      0      0      0      0      0      0      0      0      0      0      0      0      0      0    0.5      0     13      0      0    4.5   42.5      0
      0     47    250      0      0    250    125    234      0      0      0    247      0      0      0      0      0      0      0      0      0  242.5      0      0  202.5    3.5    121      0  246.5      0    250   12.5     16    250  249.5      3
      0      4    250      0      0    250     16    125      0      0      0  229.5      0      0      0      0      0      0      0      0      0  182.5      0      0   63.5      0   18.5      0  225.5      0  249.5      2      1    247    249      0
    243    250    250    4.5   20.5    250    250    250    125    250  202.5    250  245.5     64    208  249.5    250    250    250    250    250    250    202    250    250    250    250    248    250    7.5    250    250    250    250    250    250
      0    249    250      0      0    250    250    250      0    125      0    250      1      0      0   11.5     39   35.5    224    240     38    250      0    187    250    248    250    2.5    250      0    250    249  249.5    250    250  245.5
  214.5    250    250    2.5    3.5    250    250    250   47.5    250    125    250    216     20    126  246.5  249.5  249.5    250    250    250    250  125.5    250    250    250    250    241    250    2.5    250    250    250    250    250    250
      0    0.5    248      0      0  248.5      3   20.5      0      0      0    125      0      0      0      0      0      0      0      0      0     52      0      0    6.5      0      2      0  124.5      0    231      0      0    197    242      0
    123    250    250    0.5      0    250    250    250    4.5    249     34    250    125    3.5     37  231.5  247.5    247    250    250  245.5    250     33    250    250    250    250  202.5    250      0    250    250    250    250    250    250
    248    250    250   15.5     62    250    250    250    186    250    230    250  246.5    125    228  249.5    250    250    250    250    250    250  228.5    250    250    250    250  247.5    250   27.5    250    250    250    250    250    250
    213    250    250      1    5.5    250    250    250     42    250    124    250    213     22    125    245  249.5    250    250    250  249.5    250  119.5    250    250    250    250  242.5    250      3    250    250    250    250    250    250
     18    250    250      0      0    250    250    250    0.5  238.5    3.5    250   18.5    0.5      5    125    211    210    249  248.5    210    250      3  246.5    250    250    250   57.5    250      0    250    250    250    250    250    250
    3.5    250    250      0      0    250    250    250      0    211    0.5    250    2.5      0    0.5     39    125  115.5  245.5    249  113.5    250      0  234.5    250    250    250    9.5    250      0    250    250    250    250    250    250
    3.5    250    250      0      0    250    250    250      0  214.5    0.5    250      3      0      0     40  134.5    125    247  249.5    121    250    0.5  238.5    250    250    250     15    250      0    250    250    250    250    250    250
      0    249    250      0      0    250    250    250      0     26      0    250      0      0      0      1    4.5      3    125    189      3    250      0   62.5    250    229    250      0    250      0    250    246    246    250    250    227
      0  247.5    250      0      0    250    250    250      0     10      0    250      0      0      0    1.5      1    0.5     61    125      1    250      0   26.5    250  197.5    250      0    250      0    250    239    244    250    250  199.5
    3.5    250    250      0      0    250    250    250      0    212      0    250    4.5      0    0.5     40  136.5    129    247    249    125    250    0.5    239    250    249    250   14.5    250      0    250    250    250    250    250  249.5
      0      4    250      0      0    250    7.5   67.5      0      0      0    198      0      0      0      0      0      0      0      0      0    125      0      0     28      0   10.5      0    199      0    246    0.5      1    234    249      0
  220.5    250    250      0    5.5    250    250    250     48    250  124.5    250    217   21.5  130.5    247    250  249.5    250    250  249.5    250    125    250    250    250    250    241    250    0.5    250    250    250    250    250    250
    0.5    250    250      0      0    250    250    250      0     63      0    250      0      0      0    3.5   15.5   11.5  187.5  223.5     11    250      0    125    250  244.5    250      0    250      0    250  249.5    249    250    250  243.5
      0   18.5    250      0      0    250   47.5  186.5      0      0      0  243.5      0      0      0      0      0      0      0      0      0    222      0      0    125      1   46.5      0    240      0    250    4.5      5  247.5    250    0.5
      0    239    250      0      0    250  246.5    250      0      2      0    250      0      0      0      0      0      0     21   52.5      1    250      0    5.5    249    125  245.5      0    250      0    250  215.5    211    250    250    126
      0     50    250      0      0    250    129  231.5      0      0      0    248      0      0      0      0      0      0      0      0      0  239.5      0      0  203.5    4.5    125      0  247.5      0    250     15   16.5    250    250    2.5
     51    250    250      0      0    250    250    250      2  247.5      9    250   47.5    2.5    7.5  192.5  240.5    235    250    250  235.5    250      9    250    250    250    250    125    250      0    250    250    250    250    250    250
      0      0    247      0      0  249.5    3.5   24.5      0      0      0  125.5      0      0      0      0      0      0      0      0      0     51      0      0     10      0    2.5      0    125      0    224      0      0    195  243.5      0
    250    250    250     82    180    250    250    250  242.5    250  247.5    250    250  222.5    247    250    250    250    250    250    250    250  249.5    250    250    250    250    250    250    125    250    250    250    250    250    250
      0      0    229      0      0    237      0    0.5      0      0      0     19      0      0      0      0      0      0      0      0      0      4      0      0      0      0      0      0     26      0    125      0      0     69    197      0
      0  195.5    250      0      0    250  237.5    248      0      1      0    250      0      0      0      0      0      0      4     11      0  249.5      0    0.5  245.5   34.5    235      0    250      0    250    125  128.5    250    250   32.5
      0    192    250      0      0    250    234    249      0    0.5      0    250      0      0      0      0      0      0      4      6      0    249      0      1    245     39  233.5      0    250      0    250  121.5    125    250    250   42.5
      0      0    241      0      0  245.5      0      3      0      0      0     53      0      0      0      0      0      0      0      0      0     16      0      0    2.5      0      0      0     55      0    181      0      0    125  225.5      0
      0      0  176.5      0      0  207.5    0.5      1      0      0      0      8      0      0      0      0      0      0      0      0      0      1      0      0      0      0      0      0    6.5      0     53      0      0   24.5    125      0
      0  236.5    250      0      0    250    247    250      0    4.5      0    250      0      0      0      0      0      0     23   50.5    0.5    250      0    6.5  249.5    124  247.5      0    250      0    250  217.5  207.5    250    250    125

COMPONENT 3
Central weak order
{6 9 21} > 23 > {13 33 35} > 11 > 12 > 22 > 10 > 18 > 5 > 4 > 16 > 32 > 7 > 31 > 27 > 8 > 36 > {3 14 20 24 28} > 19 > {15 17} > {25 30} > 29 > {26 34} > 1 > 2
Weight
0.250
Pairwise count matrix
    125    160      0      0      0      0      0      0      0      0      0      0      0      0      0      0    0.5      0      0      0      0      0      0      0    2.5     51      0      0     18      3      0      0      0     52      0      0
     90    125      0      0      0      0      0      0      0      0      0      0      0      0      0      0    0.5      0      0      0      0      0      0      0      1   29.5      0      0    6.5      2      0      0      0   35.5      0      0
    250    250    125      0      0      0    0.5   14.5      0      0      0      0      0  134.5  241.5      0  242.5      0  217.5    129      0      0      0  130.5    250    250    6.5    135    250  248.5      1    0.5      0    250      0     43
    250    250    250    125   59.5      0  239.5  249.5      0      9      0      0      0    250    250  185.5    250   23.5    250    250      0    2.5      0    250    250    250  248.5    250    250    250    247  224.5      0    250      0  249.5
    250    250    250  190.5    125      0  241.5    250      0   24.5      2    2.5      0    250    250    226    250   59.5    250    250      0     10      0    250    250    250    249    250    250    250  248.5  237.5      0    250      0    250
    250    250    250    250    250    125    250    250  129.5    250    249    250  238.5    250    250    250    250    250    250    250    127    250    202    250    250    250    250    250    250    250    250    250  231.5    250  237.5    250
    250    250  249.5   10.5    8.5      0    125  244.5      0      1      0      0      0    250    250     37    250      2    250    250      0      0      0  247.5    250    250  228.5    250    250    250  191.5   67.5      0    250      0    247
    250    250  235.5    0.5      0      0    5.5    125      0      0      0      0      0    239  249.5      1    250      0  247.5    238      0      0      0  233.5    250    250     54    238    250    250   32.5    1.5      0    250      0  189.5
    250    250    250    250    250  120.5    250    250    125    250  248.5    249  237.5    250    250    250    250    250    250    250    116    249    204    250    250    250    250    250    250    250    250    250  231.5    250  236.5    250
    250    250    250    241  225.5      0    249    250      0    125      9   25.5      3    250    250    246    250    191    250    250      0     61      0    250    250    250    250    250    250    250    250    249    3.5    250      1    250
    250    250    250    250    248      1    250    250    1.5    241    125  186.5     42    250    250    250    250    248    250    250      2  219.5    8.5    250    250    250    250    250    250    250    250    250     47    250     37    250
    250    250    250    250  247.5      0    250    250      1  224.5   63.5    125   20.5    250    250    250    250    244    250    250      1  188.5    2.5    250    250    250    250    250    250    250    250    250   16.5    250     13    250
    250    250    250    250    250   11.5    250    250   12.5    247    208  229.5    125    250    250    250    250    250    250    250     14    244     43    250    250    250    250    250    250    250    250    250    125    250  119.5    250
    250    250  115.5      0      0      0      0     11      0      0      0      0      0    125  234.5      0  238.5      0    204    117      0      0      0    123  248.5    250      3  131.5    250    247      1    0.5      0    250      0     36
    250    250    8.5      0      0      0      0    0.5      0      0      0      0      0   15.5    125      0    127      0   41.5    8.5      0      0      0     14    215  247.5      0     12  238.5  214.5      0      0      0  246.5      0    0.5
    250    250    250   64.5     24      0    213    249      0      4      0      0      0    250    250    125    250   12.5    250    250      0      1      0  249.5    250    250  247.5    250    250    250  240.5  182.5      0    250      0    250
  249.5  249.5    7.5      0      0      0      0      0      0      0      0      0      0   11.5    123      0    125      0   45.5      8      0      0      0     10    212  248.5      0      8    242    207      0      0      0  247.5      0    1.5
    250    250    250  226.5  190.5      0    248    250      0     59      2      6      0    250    250  237.5    250    125    250    250      0   21.5      0    250    250    250    250    250    250    250    250  248.5    0.5    250    0.5    250
    250    250   32.5      0      0      0      0    2.5      0      0      0      0      0     46  208.5      0  204.5      0    125     31      0      0      0     35  241.5  249.5      0   35.5  248.5    240      0      0      0  249.5      0      7
    250    250    121      0      0      0      0     12      0      0      0      0      0    133  241.5      0    242      0    219    125      0      0      0  130.5    249    250      4  134.5    250    249      1      0      0    250      0     39
    250    250    250    250    250    123    250    250    134    250    248    249    236    250    250    250    250    250    250    250    125    249  200.5    250    250    250    250    250    250    250    250    250    237    250    238    250
    250    250    250  247.5    240      0    250    250      1    189   30.5   61.5      6    250    250    249    250  228.5    250    250      1    125      0    250    250    250    250    250    250    250    250    250      8    250      7    250
    250    250    250    250    250     48    250    250     46    250  241.5  247.5    207    250    250    250    250    250    250    250   49.5    250    125    250    250    250    250    250    250    250    250    250  201.5    250  206.5    250
    250    250  119.5      0      0      0    2.5   16.5      0      0      0      0      0    127    236    0.5    240      0    215  119.5      0      0      0    125    249    250    6.5  126.5    250  247.5      2      0      0    250      0   39.5
  247.5    249      0      0      0      0      0      0      0      0      0      0      0    1.5     35      0     38      0    8.5      1      0      0      0      1    125    239      0    0.5  207.5  116.5      0      0      0    238      0      0
    199  220.5      0      0      0      0      0      0      0      0      0      0      0      0    2.5      0    1.5      0    0.5      0      0      0      0      0     11    125      0      0     50     11      0      0      0  123.5      0      0
    250    250  243.5    1.5      1      0   21.5    196      0      0      0      0      0    247    250    2.5    250      0    250    246      0      0      0  243.5    250    250    125  247.5    250    250   66.5      9      0    250      0    224
    250    250    115      0      0      0      0     12      0      0      0      0      0  118.5    238      0    242      0  214.5  115.5      0      0      0  123.5  249.5    250    2.5    125  249.5    248    1.5      0      0    250      0     39
    232  243.5      0      0      0      0      0      0      0      0      0      0      0      0   11.5      0      8      0    1.5      0      0      0      0      0   42.5    200      0    0.5    125   40.5      0      0      0    204      0      0
    247    248    1.5      0      0      0      0      0      0      0      0      0      0      3   35.5      0     43      0     10      1      0      0      0    2.5  133.5    239      0      2  209.5    125      0      0      0    242      0    0.5
    250    250    249      3    1.5      0   58.5  217.5      0      0      0      0      0    249    250    9.5    250      0    250    249      0      0      0    248    250    250  183.5  248.5    250    250    125   26.5      0    250      0  243.5
    250    250  249.5   25.5   12.5      0  182.5  248.5      0      1      0      0      0  249.5    250   67.5    250    1.5    250    250      0      0      0    250    250    250    241    250    250    250  223.5    125      0    250      0    248
    250    250    250    250    250   18.5    250    250   18.5  246.5    203  233.5    125    250    250    250    250  249.5    250    250     13    242   48.5    250    250    250    250    250    250    250    250    250    125    250  124.5    250
    198  214.5      0      0      0      0      0      0      0      0      0      0      0      0    3.5      0    2.5      0    0.5      0      0      0      0      0     12  126.5      0      0     46      8      0      0      0    125      0      0
    250    250    250    250    250   12.5    250    250   13.5    249    213    237  130.5    250    250    250    250  249.5    250    250     12    243   43.5    250    250    250    250    250    250    250    250    250  125.5    250    125    250
    250    250    207    0.5      0      0      3   60.5      0      0      0      0      0    214  249.5      0  248.5      0    243    211      0      0      0  210.5    250    250     26    211    250  249.5    6.5      2      0    250      0    125

COMPONENT 4
Central weak order
{9 27} > 8 > {11 19} > 2 > 14 > 12 > 22 > 3 > 20 > 36 > 35 > 29 > 24 > 17 > 33 > {5 25} > 13 > 28 > 30 > 23 > 18 > 21 > 32 > 7 > 4 > 15 > 10 > {26 34} > 16 > 6 > {1 31}
Weight
0.250
Pairwise count matrix
    125      0      0    0.5      0     61      0      0      0    3.5      0      0      0      0    0.5   24.5      0      0      0      0      0      0      0      0      0     12      0      0      0      0  132.5      0      0   10.5      0      0
    250    125    245    250    250    250    250      8      3    250   43.5  229.5    250    190    250    250    250    250   38.5    249    250    240    250    250    250    250    4.5    250    250    250    250    250    250    250    250  249.5
    250      5    125    250    250    250    250      0      0    250      1   32.5    250   11.5    250    250  249.5    250    1.5    192    250     59    250  249.5    250    250      0    250  246.5    250    250    250    250    250    242  226.5
  249.5      0      0    125      0    248     73      0      0  227.5      0      0      0      0    190  246.5      0    3.5      0      0     14      0    0.5      0      0    238      0      0      0      0    250   24.5      0    244      0      0
    250      0      0    250    125    250    250      0      0    250      0      0    206      0    250    250     27    250      0      0    250      0  247.5    7.5  143.5    250      0  225.5    2.5  242.5    250    250     61    250    0.5      0
    189      0      0      2      0    125      0      0      0    9.5      0      0      0      0      4   65.5      0      0      0      0      0      0      0      0      0     22      0      0      0      0  194.5      0      0     21      0      0
    250      0      0    177      0    250    125      0      0    241      0      0      0      0    217    249      0   11.5      0      0   25.5      0      2      0      0  245.5      0      0      0      2    250     60      0  246.5      0      0
    250    242    250    250    250    250    250    125   56.5    250  204.5    250    250    245    250    250    250    250  204.5    250    250    250    250    250    250    250   59.5    250    250    250    250    250    250    250    250    250
    250    247    250    250    250    250    250  193.5    125    250  232.5    250    250    249    250    250    250    250  232.5    250    250    250    250    250    250    250    121    250    250    250    250    250    250    250    250    250
  246.5      0      0   22.5      0  240.5      9      0      0    125      0      0      0      0   59.5  230.5      0      0      0      0    0.5      0      0      0      0  188.5      0      0      0      0    248    0.5      0    194      0      0
    250  206.5    249    250    250    250    250   45.5   17.5    250    125  244.5    250    236    250    250    250    250    123    250    250    248    250    250    250    250   15.5    250    250    250    250    250    250    250    250    250
    250   20.5  217.5    250    250    250    250      0      0    250    5.5    125    250   58.5    250    250    250    250    7.5    240    250  177.5    250    250    250    250      0    250    249    250    250    250    250    250    248    246
    250      0      0    250     44    250    250      0      0    250      0      0    125      0    250    250      6    248      0      0  249.5      0    239    1.5     62    250      0    185    0.5  227.5    250    250     20    250      1      0
    250     60  238.5    250    250    250    250      5      1    250     14  191.5    250    125    250    250  249.5    250     15    247    250  214.5    250    250    250    250    0.5    250    250    250    250    250    250    250    250  248.5
  249.5      0      0     60      0    246     33      0      0  190.5      0      0      0      0    125  242.5      0      0      0      0    2.5      0      0      0      0    218      0      0      0      0    250      7      0  226.5      0      0
  225.5      0      0    3.5      0  184.5      1      0      0   19.5      0      0      0      0    7.5    125      0      0      0      0      0      0      0      0      0     56      0      0      0      0  227.5      0      0   52.5      0      0
    250      0    0.5    250    223    250    250      0      0    250      0      0    244    0.5    250    250    125    250      0      2    250    0.5    250   56.5  235.5    250      0  249.5   21.5  249.5    250    250  194.5    250   11.5      4
    250      0      0  246.5      0    250  238.5      0      0    250      0      0      2      0    250    250      0    125      0      0    189      0     55      0    1.5    250      0    8.5      0     22    250  221.5    0.5    250      0      0
    250  211.5  248.5    250    250    250    250   45.5   17.5    250    127  242.5    250    235    250    250    250    250    125    250    250  248.5    250    250    250    250   14.5    250    250    250    250    250    250    250    250    250
    250      1     58    250    250    250    250      0      0    250      0     10    250      3    250    250    248    250      0    125    250   23.5    250    247    250    250      0    250    240    250    250    250    250    250  222.5    187
    250      0      0    236      0    250  224.5      0      0  249.5      0      0    0.5      0  247.5    250      0     61      0      0    125      0   19.5      0    1.5    249      0    3.5      0      7    250    176      0    249      0      0
    250     10    191    250    250    250    250      0      0    250      2   72.5    250   35.5    250    250  249.5    250    1.5  226.5    250    125    250    250    250    250      0    250    248    250    250    250    250    250    248    243
    250      0      0  249.5    2.5    250    248      0      0    250      0      0     11      0    250    250      0    195      0      0  230.5      0    125      0      4    250      0   29.5      0     65    250    243    1.5    250      0      0
    250      0    0.5    250  242.5    250    250      0      0    250      0      0  248.5      0    250    250  193.5    250      0      3    250      0    250    125  245.5    250      0    250   59.5    250    250    250    227    250     30      7
    250      0      0    250  106.5    250    250      0      0    250      0      0    188      0    250    250   14.5  248.5      0      0  248.5      0    246    4.5    125    250      0    222      3    241    250    249   44.5    250      1      0
    238      0      0     12      0    228    4.5      0      0   61.5      0      0      0      0     32    194      0      0      0      0      1      0      0      0      0    125      0      0      0      0    240    1.5      0  132.5      0      0
    250  245.5    250    250    250    250    250  190.5    129    250  234.5    250    250  249.5    250    250    250    250  235.5    250    250    250    250    250    250    250    125    250    250    250    250    250    250    250    250    250
    250      0      0    250   24.5    250    250      0      0    250      0      0     65      0    250    250    0.5  241.5      0      0  246.5      0  220.5      0     28    250      0    125      0    190    250  249.5    9.5    250      0      0
    250      0    3.5    250  247.5    250    250      0      0    250      0      1  249.5      0    250    250  228.5    250      0     10    250      2    250  190.5    247    250      0    250    125    250    250    250  240.5    250     61   27.5
    250      0      0    250    7.5    250    248      0      0    250      0      0   22.5      0    250    250    0.5    228      0      0    243      0    185      0      9    250      0     60      0    125    250    249      4    250      0      0
  117.5      0      0      0      0   55.5      0      0      0      2      0      0      0      0      0   22.5      0      0      0      0      0      0      0      0      0     10      0      0      0      0    125      0      0      4      0      0
    250      0      0  225.5      0    250    190      0      0  249.5      0      0      0      0    243    250      0   28.5      0      0     74      0      7      0      1  248.5      0    0.5      0      1    250    125      0    249      0      0
    250      0      0    250    189    250    250      0      0    250      0      0    230      0    250    250   55.5  249.5      0      0    250      0  248.5     23  205.5    250      0  240.5    9.5    246    250    250    125    250    2.5    1.5
  239.5      0      0      6      0    229    3.5      0      0     56      0      0      0      0   23.5  197.5      0      0      0      0      1      0      0      0      0  117.5      0      0      0      0    246      1      0    125      0      0
    250      0      8    250  249.5    250    250      0      0    250      0      2    249      0    250    250  238.5    250      0   27.5    250      2    250    220    249    250      0    250    189    250    250    250  247.5    250    125   57.5
    250    0.5   23.5    250    250    250    250      0      0    250      0      4    250    1.5    250    250    246    250      0     63    250      7    250    243    250    250      0    250  222.5    250    250    250  248.5    250  192.5    125

