COMPONENT 1
Central weak order
18 > {7 9 27} > 32 > 20 > 22 > 37 > 40 > 39 > 23 > {16 33} > 4 > 24 > {3 6 10 11} > 35 > {15 41} > {17 21} > {5 25 29 34} > 19 > 38 > 14 > 30 > 42 > {8 13 26} > {12 31} > 1 > 36 > {2 28}
Weight
0.533
Pairwise count matrix
  266.5  469.5      0      0      0      0      0     29      0      0      0    114   29.5      0      0      0      0      0      0      0      0      0      0      0      0     25      0    470      0      1     94      0      0      0      0    380      0      0      0      0      0      5
   63.5  266.5      0      0      0      0      0    4.5      0      0      0     15    2.5      0      0      0      0      0      0      0      0      0      0      0      0      3      0    256      0    0.5     14      0      0      0      0    130      0      0      0      0      0    1.5
    533    533  266.5   35.5    533  281.5      0    533      0    282    276    533    533    533    514     11    529      0    533      0  529.5      0    2.5     97  532.5    533      0    533  531.5    533    533      0   10.5    532    459    533      0    533    0.5      0  510.5    533
    533    533  497.5  266.5    533    502      0    533      0  499.5    497    533    533    533    532    125    533      0    533      1    533    0.5     34    392    533    533      0    533    533    533    533      0  132.5    533    528    533    1.5    533     14      5    533    533
    533    533      0      0  266.5    1.5      0  532.5      0      0      2    533    532    517     11      0     77      0    431      0   76.5      0      0      0  271.5  532.5      0    533  266.5    526    533      0      0  279.5    4.5    533      0    493      0      0   18.5  531.5
    533    533  251.5     31  531.5  266.5      0    533      0  259.5    251    533    533    533  501.5     10    528      0    533      0  528.5      0      2     76    532    533      0    533    532    533    533      0    9.5    532  447.5    533      0    533      2      0    502    533
    533    533    533    533    533    533  266.5    533    270    533    533    533    533    533    533    533    533    153    533  490.5    533  513.5    533    533    533    533    258    533    533    533    533    411    533    533    533    533  529.5    533  531.5    531    533    533
    504  528.5      0      0    0.5      0      0  266.5      0      0      0    439  245.5   12.5      0      0      0      0      2      0      0      0      0      0      0  256.5      0  529.5      0     30  433.5      0      0    0.5      0  522.5      0      6      0      0      0   92.5
    533    533    533    533    533    533    263    533  266.5    533    533    533    533    533    533    533    533    147    533  481.5    533  513.5    533    533    533    533    267    533    533    533    533  412.5    533    533    533    533  526.5    533    532  530.5    533    533
    533    533    251   33.5    533  273.5      0    533      0  266.5  257.5    533    533    533  505.5     11  528.5      0    533      0  523.5      0      2     83  532.5    533      0    533  531.5    533    533      0    6.5    533    447    533      0    533      0      0    504    533
    533    533    257     36    531    282      0    533      0  275.5  266.5    533    533    533    506   11.5  525.5      0    533      0  528.5      0      3   97.5    532    533      0    533  531.5    533    533      0   11.5    532  453.5    533      0    533      1      0    509    533
    419    518      0      0      0      0      0     94      0      0      0  266.5   85.5      4      0      0      0      0    0.5      0      0      0      0      0      0     98      0    513    0.5      5  259.5      0      0    0.5      0    476      0    2.5      0      0      0   22.5
  503.5  530.5      0      0      1      0      0  287.5      0      0      0  447.5  266.5   18.5      0      0      0      0    2.5      0      0      0      0      0      0  272.5      0    531    0.5     35  454.5      0      0      1      0  524.5      0      6      0      0      0   96.5
    533    533      0      0     16      0      0  520.5      0      0      0    529  514.5  266.5      0      0    0.5      0     56      0      1      0      0      0     14    514      0    533     16  377.5  531.5      0      0     14      0    533      0    141      0      0      0    463
    533    533     19      1    522   31.5      0    533      0   27.5     27    533    533    533  266.5      0  454.5      0  532.5      0  451.5      0      0     10    515    533      0    533  517.5    533    533      0    0.5    524  116.5    533      0  532.5      0      0  281.5    533
    533    533    522    408    533    523      0    533      0    522  521.5    533    533    533    533  266.5  532.5      0    533      1    533      3    117  488.5    533    533      0    533    533    533    533      0    284    533    532    533    6.5    533     53     23    533    533
    533    533      4      0    456      5      0    533      0    4.5    7.5    533    533  532.5   78.5    0.5  266.5      0  517.5      0  275.5      0      0      0    452    533      0    533  454.5    533    533      0      0    464     24    533      0    527      0      0   87.5    533
    533    533    533    533    533    533    380    533    386    533    533    533    533    533    533    533    533  266.5    533    517    533  527.5    533    533    533    533  376.5    533    533    533    533  479.5    533    533    533    533    531    533  532.5    532    533    533
    533    533      0      0    102      0      0    531      0      0      0  532.5  530.5    477    0.5      0   15.5      0  266.5      0   17.5      0      0      0     95  531.5      0    533   91.5    513    533      0      0   99.5    0.5    533      0    391      0      0      3  528.5
    533    533    533    532    533    533   42.5    533   51.5    533    533    533    533    533    533    532    533     16    533  266.5    533    394  530.5    533    533    533     45    533    533    533    533    129  531.5    533    533    533  467.5    533  519.5    504    533    533
    533    533    3.5      0  456.5    4.5      0    533      0    9.5    4.5    533    533    532   81.5      0  257.5      0  515.5      0  266.5      0      0    0.5  452.5    533      0    533    450    533    533      0      0    456   21.5    533      0    529      0      0   91.5    533
    533    533    533  532.5    533    533   19.5    533   19.5    533    533    533    533    533    533    530    533    5.5    533    139    533  266.5  518.5  532.5    533    533   21.5    533    533    533    533   66.5  527.5    533    533    533  385.5    533  504.5    463    533    533
    533    533  530.5    499    533    531      0    533      0    531    530    533    533    533    533    416    533      0    533    2.5    533   14.5  266.5  523.5    533    533      0    533    533    533    533    0.5  425.5    533    533    533   29.5    533  153.5     77    533    533
    533    533    436    141    533    457      0    533      0    450  435.5    533    533    533    523   44.5    533      0    533      0  532.5    0.5    9.5  266.5    533    533      0    533    533    533    533      0   50.5    533    517    533      0    533      3    1.5  528.5    533
    533    533    0.5      0  261.5      1      0    533      0    0.5      1    533    533    519     18      0     81      0    438      0   80.5      0      0      0  266.5  532.5      0    533    273    527    533      0      0    284      5    533      0  494.5      0      0   14.5    532
    508    530      0      0    0.5      0      0  276.5      0      0      0    435  260.5     19      0      0      0      0    1.5      0      0      0      0      0    0.5  266.5      0  526.5      0   41.5  452.5      0      0    0.5      0  518.5      0    9.5      0      0      0  103.5
    533    533    533    533    533    533    275    533    266    533    533    533    533    533    533    533    533  156.5    533    488    533  511.5    533    533    533    533  266.5    533    533    533    533    408    533    533    533    533    525    533    533    530    533    533
     63    277      0      0      0      0      0    3.5      0      0      0     20      2      0      0      0      0      0      0      0      0      0      0      0      0    6.5      0  266.5      0      0   18.5      0      0      0      0    131      0      0      0      0      0      1
    533    533    1.5      0  266.5      1      0    533      0    1.5    1.5  532.5  532.5    517   15.5      0   78.5      0  441.5      0     83      0      0      0    260    533      0    533  266.5  530.5    533      0      0    284      4    533      0  494.5      0      0     17  532.5
    532  532.5      0      0      7      0      0    503      0      0      0    528    498  155.5      0      0      0      0     20      0      0      0      0      0      6  491.5      0    533    2.5  266.5  528.5      0      0    5.5      0    533      0     64      0      0      0  394.5
    439    519      0      0      0      0      0   99.5      0      0      0  273.5   78.5    1.5      0      0      0      0      0      0      0      0      0      0      0   80.5      0  514.5      0    4.5  266.5      0      0      0      0    483      0      1      0      0      0   19.5
    533    533    533    533    533    533    122    533  120.5    533    533    533    533    533    533    533    533   53.5    533    404    533  466.5  532.5    533    533    533    125    533    533    533    533  266.5    533    533    533    533  510.5    533  528.5  522.5    533    533
    533    533  522.5  400.5    533  523.5      0    533      0  526.5  521.5    533    533    533  532.5    249    533      0    533    1.5    533    5.5  107.5  482.5    533    533      0    533    533    533    533      0  266.5    533    531    533      7    533   51.5     19    533    533
    533    533      1      0  253.5      1      0  532.5      0      0      1  532.5    532    519      9      0     69      0  433.5      0     77      0      0      0    249  532.5      0    533    249  527.5    533      0      0  266.5      4    533      0  491.5      0      0   14.5  532.5
    533    533     74      5  528.5   85.5      0    533      0     86   79.5    533    533    533  416.5      1    509      0  532.5      0  511.5      0      0     16    528    533      0    533    529    533    533      0      2    529  266.5    533      0    532      0      0    422    533
    153    403      0      0      0      0      0   10.5      0      0      0     57    8.5      0      0      0      0      0      0      0      0      0      0      0      0   14.5      0    402      0      0     50      0      0      0      0  266.5      0      0      0      0      0      1
    533    533    533  531.5    533    533    3.5    533    6.5    533    533    533    533    533    533  526.5    533      2    533   65.5    533  147.5  503.5    533    533    533      8    533    533    533    533   22.5    526    533    533    533  266.5    533  462.5    390    533    533
    533    533      0      0     40      0      0    527      0      0      0  530.5    527    392    0.5      0      6      0    142      0      4      0      0      0   38.5  523.5      0    533   38.5    469    532      0      0   41.5      1    533      0  266.5      0      0      1  508.5
    533    533  532.5    519    533    531    1.5    533      1    533    532    533    533    533    533    480    533    0.5    533   13.5    533   28.5  379.5    530    533    533      0    533    533    533    533    4.5  481.5    533    533    533   70.5    533  266.5    153    533    533
    533    533    533    528    533    533      2    533    2.5    533    533    533    533    533    533    510    533      1    533     29    533     70    456  531.5    533    533      3    533    533    533    533   10.5    514    533    533    533    143    533    380  266.5    533    533
    533    533   22.5      0  514.5     31      0    533      0     29     24    533    533    533  251.5      0  445.5      0    530      0  441.5      0      0    4.5  518.5    533      0    533    516    533    533      0      0  518.5    111    533      0    532      0      0  266.5    533
    528  531.5      0      0    1.5      0      0  440.5      0      0      0  510.5  436.5     70      0      0      0      0    4.5      0      0      0      0      0      1  429.5      0    532    0.5  138.5  513.5      0      0    0.5      0    532      0   24.5      0      0      0  266.5

COMPONENT 2
Central weak order
9 > 33 > 35 > {23 30} > {15 29 31 32} > 36 > 38 > {2 12} > 14 > 28 > {10 16 26} > 42 > 1 > 3 > 19 > 39 > 27 > 24 > 6 > 40 > 34 > {25 37} > 4 > 17 > {5 41} > 11 > 22 > 7 > {13 21} > 20 > 8 > 18
Weight
0.267
Pairwise count matrix
  133.5      0    198    267    267    266    267    267      0   18.5    267      0    267      0      0     20    267    267  233.5    267    267    267      0  264.5    267     17  261.5      8      0      0      0      0      0    267      0      0    267      0    251    267    267     70
    267  133.5    267    267    267    267    267    267      0  260.5    267    126    267  208.5      7  261.5    267    267    267    267    267    267      0    267    267  258.5    267    246      3      0      6      6      0    267      0   22.5    267   48.5    267    267    267    266
     69      0  133.5    267    267  265.5    267    267      0      9    267      0    267      0      0      5    267    267    187    267    267    267      0  260.5    267      7    253      2      0      0      0      0      0  266.5      0      0    267      0  226.5  266.5    267   32.5
      0      0      0  133.5    243      2  266.5    267      0      0  262.5      0    267      0      0      0  202.5    267      0    267    267    267      0    0.5   56.5      0      0      0      0      0      0      0      0     15      0      0     52      0      0    3.5    244      0
      0      0      0     24  133.5      0  255.5  266.5      0      0    206      0    263      0      0      0   63.5  266.5      0    264  263.5    241      0      0    3.5      0      0      0      0      0      0      0      0    1.5      0      0      4      0      0      0    133      0
      1      0    1.5    265    267  133.5    267    267      0      0    267      0    267      0      0      0  265.5    267      3    267    267    267      0   66.5    257      0     29      0      0      0      0      0      0  239.5      0      0    260      0     15    196    267      0
      0      0      0    0.5   11.5      0  133.5  256.5      0      0   34.5      0    200      0      0      0    5.5  261.5      0  244.5    203   71.5      0      0      1      0      0      0      0      0      0      0      0      0      0      0    0.5      0      0      0   11.5      0
      0      0      0      0    0.5      0   10.5  133.5      0      0      0      0     30      0      0      0      0    172      0     81     35    1.5      0      0      0      0      0      0      0      0      0      0      0      0      0      0      0      0      0      0      0      0
    267    267    267    267    267    267    267    267  133.5    267    267    267    267    267  261.5    267    267    267    267    267    267    267    245    267    267    267    267    267  265.5    251    264    265  159.5    267    211    267    267    267    267    267    267    267
  248.5    6.5    258    267    267    267    267    267      0  133.5    267    2.5    267     17      0  145.5    267    267  263.5    267    267    267      0    267    267    141    267   61.5      0      0      0      0      0    267      0      0    267    1.5  265.5    267    267  219.5
      0      0      0    4.5     61      0  232.5    267      0      0  133.5      0    254      0      0      0   20.5    267      0    264  251.5  191.5      0      0      2      0      0      0      0      0      0      0      0      0      0      0    0.5      0      0      0   55.5      0
    267    141    267    267    267    267    267    267      0  264.5    267  133.5    267    212    4.5    263    267    267    267    267    267    267      0    267    267    262    267  251.5      5      0      6      4      0    267      0   22.5    267     48    267    267    267  264.5
      0      0      0      0      4      0     67    237      0      0     13      0  133.5      0      0      0    0.5    246      0  206.5    140     28      0      0      0      0      0      0      0      0      0      0      0      0      0      0      0      0      0      0      2      0
    267   58.5    267    267    267    267    267    267      0    250    267     55    267  133.5    0.5    243    267    267    267    267    267    267      0    267    267    243    267    207      1      0    1.5    1.5      0    267      0    6.5    267   14.5    267    267    267    262
    267    260    267    267    267    267    267    267    5.5    267    267  262.5    267  266.5  133.5    267    267    267    267    267    267    267     36    267    267    266    267    267    141     37  132.5  132.5    5.5    267    9.5    213    267    244    267    267    267    267
    247    5.5    262    267    267    267    267    267      0  121.5    267      4    267     24      0  133.5    267    267    265    267    267    267      0    267    267  134.5    266     57      0      0      0      0      0    267      0      0    267    1.5  266.5    267    267  219.5
      0      0      0   64.5  203.5    1.5  261.5    267      0      0  246.5      0  266.5      0      0      0  133.5    267      0    267  266.5    258      0      0   28.5      0      0      0      0      0      0      0      0      7      0      0     25      0      0      4    200      0
      0      0      0      0    0.5      0    5.5     95      0      0      0      0     21      0      0      0      0  133.5      0   49.5     19    1.5      0      0      0      0      0      0      0      0      0      0      0      0      0      0      0      0      0      0      0      0
   33.5      0     80    267    267    264    267    267      0    3.5    267      0    267      0      0      2    267    267  133.5    267    267    267      0  255.5    267      4  238.5      1      0      0      0      0      0    267      0      0    267      0  195.5    267    267   15.5
      0      0      0      0      3      0   22.5    186      0      0      3      0   60.5      0      0      0      0  217.5      0  133.5   61.5     10      0      0      0      0      0      0      0      0      0      0      0      0      0      0      0      0      0      0      0      0
      0      0      0      0    3.5      0     64    232      0      0   15.5      0    127      0      0      0    0.5    248      0  205.5  133.5     31      0      0      1      0      0      0      0      0      0      0      0      0      0      0      0      0      0      0    2.5      0
      0      0      0      0     26      0  195.5  265.5      0      0   75.5      0    239      0      0      0      9  265.5      0    257    236  133.5      0      0    1.5      0      0      0      0      0      0      0      0      0      0      0      0      0      0      0   27.5      0
    267    267    267    267    267    267    267    267     22    267    267    267    267    267    231    267    267    267    267    267    267    267  133.5    267    267    267    267    267    238    145    225    231   27.5    267     70    255    267  265.5    267    267    267    267
    2.5      0    6.5  266.5    267  200.5    267    267      0      0    267      0    267      0      0      0    267    267   11.5    267    267    267      0  133.5  263.5      0   77.5      0      0      0      0      0      0  253.5      0      0  263.5      0   34.5  235.5    267    0.5
      0      0      0  210.5  263.5     10    266    267      0      0    265      0    267      0      0      0  238.5    267      0    267    266  265.5      0    3.5  133.5      0      1      0      0      0      0      0      0     60      0      0    126      0    0.5   25.5    260      0
    250    8.5    260    267    267    267    267    267      0    126    267      5    267     24      1  132.5    267    267    263    267    267    267      0    267    267  133.5    267     56      0      0      0      0      0    267      0      0    267      3    266    267    267  220.5
    5.5      0     14    267    267    238    267    267      0      0    267      0    267      0      0      1    267    267   28.5    267    267    267      0  189.5    266      0  133.5      0      0      0      0      0      0    261      0      0    267      0   67.5  258.5    267      0
    259     21    265    267    267    267    267    267      0  205.5    267   15.5    267     60      0    210    267    267    266    267    267    267      0    267    267    211    267  133.5      0      0      0      0      0    267      0    1.5    267      2    267    267    267  250.5
    267    264    267    267    267    267    267    267    1.5    267    267    262    267    266    126    267    267    267    267    267    267    267     29    267    267    267    267    267  133.5   29.5  123.5  126.5      3    267      7    214    267  246.5    267    267    267    267
    267    267    267    267    267    267    267    267     16    267    267    267    267    267    230    267    267    267    267    267    267    267    122    267    267    267    267    267  237.5  133.5  231.5    233   20.5    267     58    261    267    264    267    267    267    267
    267    261    267    267    267    267    267    267      3    267    267    261    267  265.5  134.5    267    267    267    267    267    267    267     42    267    267    267    267    267  143.5   35.5  133.5    134    3.5    267     15    213    267  245.5    267    267    267    267
    267    261    267    267    267    267    267    267      2    267    267    263    267  265.5  134.5    267    267    267    267    267    267    267     36    267    267    267    267    267  140.5     34    133  133.5      1    267   11.5    211    267    244    267    267    267    267
    267    267    267    267    267    267    267    267  107.5    267    267    267    267    267  261.5    267    267    267    267    267    267    267  239.5    267    267    267    267    267    264  246.5  263.5    266  133.5    267  199.5  266.5    267  266.5    267    267    267    267
      0      0    0.5    252  265.5   27.5    267    267      0      0    267      0    267      0      0      0    260    267      0    267    267    267      0   13.5    207      0      6      0      0      0      0      0      0  133.5      0      0  204.5      0      2   73.5  265.5      0
    267    267    267    267    267    267    267    267     56    267    267    267    267    267  257.5    267    267    267    267    267    267    267    197    267    267    267    267    267    260    209    252  255.5   67.5    267  133.5    264    267    266    267    267    267    267
    267  244.5    267    267    267    267    267    267      0    267    267  244.5    267  260.5     54    267    267    267    267    267    267    267     12    267    267    267    267  265.5     53      6     54     56    0.5    267      3  133.5    267    196    267    267    267    267
      0      0      0    215    263      7  266.5    267      0      0  266.5      0    267      0      0      0    242    267      0    267    267    267      0    3.5    141      0      0      0      0      0      0      0      0   62.5      0      0  133.5      0      0     26    260      0
    267  218.5    267    267    267    267    267    267      0  265.5    267    219    267  252.5     23  265.5    267    267    267    267    267    267    1.5    267    267    264    267    265   20.5      3   21.5     23    0.5    267      1     71    267  133.5    267    267    267    266
     16      0   40.5    267    267    252    267    267      0    1.5    267      0    267      0      0    0.5    267    267   71.5    267    267    267      0  232.5  266.5      1  199.5      0      0      0      0      0      0    265      0      0    267      0  133.5  263.5    267      6
      0      0    0.5  263.5    267     71    267    267      0      0    267      0    267      0      0      0    263    267      0    267    267    267      0   31.5  241.5      0    8.5      0      0      0      0      0      0  193.5      0      0    241      0    3.5  133.5    267      0
      0      0      0     23    134      0  255.5    267      0      0  211.5      0    265      0      0      0     67    267      0    267  264.5  239.5      0      0      7      0      0      0      0      0      0      0      0    1.5      0      0      7      0      0      0  133.5      0
    197      1  234.5    267    267    267    267    267      0   47.5    267    2.5    267      5      0   47.5    267    267  251.5    267    267    267      0  266.5    267   46.5    267   16.5      0      0      0      0      0    267      0      0    267      1    261    267    267  133.5

COMPONENT 3
Central weak order
6 > 3 > 40 > {12 18} > {24 27 41} > 14 > 16 > 38 > {5 32 34} > {25 26 33} > 39 > 9 > 4 > 22 > 13 > 19 > 31 > 28 > 30 > 35 > 21 > 10 > 1 > 37 > 42 > {11 15} > 8 > 17 > {2 23 29} > {7 20} > 36
Weight
0.133
Pairwise count matrix
   66.5  132.5      0      0      0      0    133  132.5      0     31    128      0      0      0    129      0    133      0      0    133     12      0    133      0      0      0      0    0.5    133      1      0      0      0      0      3    133    101      0      0      0      0    120
    0.5   66.5      0      0      0      0    107     11      0      0      2      0      0      0      3      0     26      0      0    110      0      0     63      0      0      0      0      0     69      0      0      0      0      0      0  119.5    0.5      0      0      0      0      2
    133    133   66.5    133  132.5     49    133    133    133    133    133  121.5    133  132.5    133  132.5    133    121    133    133    133    133    133  131.5    133    133  130.5    133    133    133    133    133    133    133    133    133    133  132.5    133  101.5    131    133
    133    133      0   66.5      0      0    133    133   26.5    133    133      0  114.5      0    133      0    133      0  126.5    133    133   85.5    133      0      4    2.5      0  132.5    133    133  130.5      0    1.5      0    133    133    133      0     12      0      0    133
    133    133    0.5    133   66.5      0    133    133  129.5    133    133      0    133      3    133   12.5    133      0    133    133    133    133    133    0.5    117    115      1    133    133    133    133     56    115   67.5    133    133    133     26    127      0    1.5    133
    133    133     84    133    133   66.5    133    133    133    133    133  124.5    133    133    133    133    133    125    133    133    133    133    133    131    133    133  131.5    133    133    133    133    133    133    133    133    133    133    133    133    112    132    133
      0     26      0      0      0      0   66.5      3      0      0      1      0      0      0      1      0    9.5      0      0     70      0      0     22      0      0      0      0      0     23      0      0      0      0      0      0     86      0      0      0      0      0      0
    0.5    122      0      0      0      0    130   66.5      0      0   26.5      0      0      0   24.5      0     98      0      0    132      0      0    120      0      0      0      0      0  121.5      0      0      0      0      0      0    133    3.5      0      0      0      0   14.5
    133    133      0  106.5    3.5      0    133    133   66.5    133    133      0  128.5      0    133      0    133      0  128.5    133    133  111.5    133      0     11   10.5      0    133    133    133    131      1     11      1    133    133    133    0.5     33      0      0    133
    102    133      0      0      0      0    133    133      0   66.5    130      0      0      0    130      0    133      0      0    133   33.5      0    133      0      0      0      0      2    133      5      1      0      0      0   15.5    133    121      0      0      0      0  127.5
      5    131      0      0      0      0    132  106.5      0      3   66.5      0      0      0   64.5      0  122.5      0      0    133    0.5      0    132      0      0      0      0      0  131.5      0      0      0      0      0      0    133     13      0      0      0      0     39
    133    133   11.5    133    133    8.5    133    133    133    133    133   66.5    133  131.5    133    132    133   70.5    133    133    133    133    133    119    133    133  114.5    133    133    133    133    133    133    133    133    133    133    133    133     31    117    133
    133    133      0   18.5      0      0    133    133    4.5    133    133      0   66.5      0    133      0    133      0   99.5    133    133     34    133      0      0      0      0  126.5    133  129.5  119.5      0      1      0    131    133    133      0    3.5      0      0    133
    133    133    0.5    133    130      0    133    133    133    133    133    1.5    133   66.5    133  100.5    133    2.5    133    133    133    133    133   26.5    133    133     19    133    133    133    133    129  132.5  130.5    133    133    133  118.5    133      0     24    133
      4    130      0      0      0      0    132  108.5      0      3   68.5      0      0      0   66.5      0    125      0      0    133      1      0    132      0      0      0      0      0  129.5      0      0      0      0      0      0  132.5     17      0      0      0      0   41.5
    133    133    0.5    133  120.5      0    133    133    133    133    133      1    133   32.5    133   66.5    133    0.5    133    133    133    133    133   10.5  131.5  132.5      9    133    133    133    133    118    132    121    133    133    133     92    133    0.5   10.5    133
      0    107      0      0      0      0  123.5     35      0      0   10.5      0      0      0      8      0   66.5      0      0    127      0      0    106      0      0      0      0      0  106.5      0      0      0      0      0      0  129.5      0      0      0      0      0      5
    133    133     12    133    133      8    133    133    133    133    133   62.5    133  130.5    133  132.5    133   66.5    133    133    133    133    133  114.5    133    133    117    133    133    133    133    133    133    133    133    133    133    133    133     28  113.5    133
    133    133      0    6.5      0      0    133    133    4.5    133    133      0   33.5      0    133      0    133      0   66.5    133    133     14    133      0      0    0.5      0  116.5    133    128     98      0      0      0    130    133    133      0      0      0      0    133
      0     23      0      0      0      0     63      1      0      0      0      0      0      0      0      0      6      0      0   66.5      0      0   20.5      0      0      0      0      0   26.5      0      0      0      0      0      0     90      0      0      0      0      0      0
    121    133      0      0      0      0    133    133      0   99.5  132.5      0      0      0    132      0    133      0      0    133   66.5      0    133      0      0      0      0      8    133     18      5      0      0      0   31.5    133    129      0      0      0      0    133
    133    133      0   47.5      0      0    133    133   21.5    133    133      0     99      0    133      0    133      0    119    133    133   66.5    133      0    4.5      3      0  129.5    133  132.5    123    0.5      1      0    133    133    133    0.5      9      0      0    133
      0     70      0      0      0      0    111     13      0      0      1      0      0      0      1      0     27      0      0  112.5      0      0   66.5      0      0      0      0      0     71      0      0      0      0      0      0    123      0      0      0      0      0    0.5
    133    133    1.5    133  132.5      2    133    133    133    133    133     14    133  106.5    133  122.5    133   18.5    133    133    133    133    133   66.5    133    133     64    133    133    133    133    133    133  132.5    133    133    133  128.5    133    3.5   62.5    133
    133    133      0    129     16      0    133    133    122    133    133      0    133      0    133    1.5    133      0    133    133    133  128.5    133      0   66.5   56.5      0    133    133    133    132   12.5     58     16    133    133    133    4.5     95      0      0    133
    133    133      0  130.5     18      0    133    133  122.5    133    133      0    133      0    133    0.5    133      0  132.5    133    133    130    133      0   76.5   66.5      0    133    133    133    132   15.5   66.5   18.5    133    133    133      3     97      0      0    133
    133    133    2.5    133    132    1.5    133    133    133    133    133   18.5    133    114    133    124    133     16    133    133    133    133    133     69    133    133   66.5    133    133    133    133    132    133    133    133    133    133    130    133    2.5     62    133
  132.5    133      0    0.5      0      0    133    133      0    131    133      0    6.5      0    133      0    133      0   16.5    133    125    3.5    133      0      0      0      0   66.5    133     99     39      0      0      0  117.5    133    133      0      0      0      0    133
      0     64      0      0      0      0    110   11.5      0      0    1.5      0      0      0    3.5      0   26.5      0      0  106.5      0      0     62      0      0      0      0      0   66.5      0      0      0      0      0      0    118      0      0      0      0      0    0.5
    132    133      0      0      0      0    133    133      0    128    133      0    3.5      0    133      0    133      0      5    133    115    0.5    133      0      0      0      0     34    133   66.5     21      0      0      0   92.5    133    133      0      0      0      0    133
    133    133      0    2.5      0      0    133    133      2    132    133      0   13.5      0    133      0    133      0     35    133    128     10    133      0      1      1      0     94    133    112   66.5      0      0      0  125.5    133    133      0      0      0      0    133
    133    133      0    133     77      0    133    133    132    133    133      0    133      4    133     15    133      0    133    133    133  132.5    133      0  120.5  117.5      1    133    133    133    133   66.5    115   75.5    133    133    133     30    127      0    0.5    133
    133    133      0  131.5     18      0    133    133    122    133    133      0    132    0.5    133      1    133      0    133    133    133    132    133      0     75   66.5      0    133    133    133    133     18   66.5     18    133    133    133      6    105      0      0    133
    133    133      0    133   65.5      0    133    133    132    133    133      0    133    2.5    133     12    133      0    133    133    133    133    133    0.5    117  114.5      0    133    133    133    133   57.5    115   66.5    133    133    133   26.5  122.5      0    0.5    133
    130    133      0      0      0      0    133    133      0  117.5    133      0      2      0    133      0    133      0      3    133  101.5      0    133      0      0      0      0   15.5    133   40.5    7.5      0      0      0   66.5    133    132      0      0      0      0  132.5
      0   13.5      0      0      0      0     47      0      0      0      0      0      0      0    0.5      0    3.5      0      0     43      0      0     10      0      0      0      0      0     15      0      0      0      0      0      0   66.5      0      0      0      0      0      0
     32  132.5      0      0      0      0    133  129.5      0     12    120      0      0      0    116      0    133      0      0    133      4      0    133      0      0      0      0      0    133      0      0      0      0      0      1    133   66.5      0      0      0      0    106
    133    133    0.5    133    107      0    133    133  132.5    133    133      0    133   14.5    133     41    133      0    133    133    133  132.5    133    4.5  128.5    130      3    133    133    133    133    103    127  106.5    133    133    133   66.5    132      0    3.5    133
    133    133      0    121      6      0    133    133    100    133    133      0  129.5      0    133      0    133      0    133    133    133    124    133      0     38     36      0    133    133    133    133      6     28   10.5    133    133    133      1   66.5      0      0    133
    133    133   31.5    133    133     21    133    133    133    133    133    102    133    133    133  132.5    133    105    133    133    133    133    133  129.5    133    133  130.5    133    133    133    133    133    133    133    133    133    133    133    133   66.5    128    133
    133    133      2    133  131.5      1    133    133    133    133    133     16    133    109    133  122.5    133   19.5    133    133    133    133    133   70.5    133    133     71    133    133    133    133  132.5    133  132.5    133    133    133  129.5    133      5   66.5    133
     13    131      0      0      0      0    133  118.5      0    5.5     94      0      0      0   91.5      0    128      0      0    133      0      0  132.5      0      0      0      0      0  132.5      0      0      0      0      0    0.5    133     27      0      0      0      0   66.5

COMPONENT 4
Central weak order
32 > 38 > 11 > 13 > 15 > {14 23} > 5 > {1 26} > {33 37} > 27 > 21 > 25 > 4 > 24 > 28 > {22 39} > 12 > 36 > 42 > 19 > 8 > 20 > 34 > {7 31} > 17 > 40 > 9 > 2 > {10 16 18 35} > 29 > {3 41} > {6 30}
Weight
0.067
Pairwise count matrix
   33.5     67     67   66.5   10.5     67     67     67     67     67      0     67      0      2      0     67     67     67     67     67     65     67      2     67     66   26.5   62.5     67     67     67     67      0     51     67     67     67     53      0     67     67     67     67
      0   33.5     66      0      0     67    0.5      0     16     57      0      0      0      0      0     60      2   57.5      0      0      0      0      0      0      0      0      0      0   65.5   66.5      1      0      0      0   53.5      0      0      0      0    6.5     67      0
      0      1   33.5      0      0     50      0      0      0      5      0      0      0      0      0    3.5      0    7.5      0      0      0      0      0      0      0      0      0      0   11.5   49.5      0      0      0      0      4      0      0      0      0      0   30.5      0
    0.5     67     67   33.5      0     67     67     67     67     67      0   65.5      0      0      0     67     67     67     67     67      5   64.5      0     49     16    0.5      3     60     67     67     67      0    1.5     67     67     67    0.5      0     66     67     67     67
   56.5     67     67     67   33.5     67     67     67     67     67    0.5     67      3   15.5      7     67     67     67     67     67     67     67   14.5     67     66     54   66.5     67     67     67     67      0   62.5     67     67     67     63    0.5     67     67     67     67
      0      0     17      0      0   33.5      0      0      0      1      0      0      0      0      0    1.5      0      3      0      0      0      0      0      0      0      0      0      0    3.5   31.5      0      0      0      0      0      0      0      0      0      0   16.5      0
      0   66.5     67      0      0     67   33.5      5   65.5     67      0      0      0      0      0     67   51.5     67    0.5    7.5      0      0      0      0      0      0      0      0     67     67     39      0      0   12.5     67      0      0      0      0   63.5     67      0
      0     67     67      0      0     67     62   33.5     67     67      0    1.5      0      0      0     67   65.5     67   14.5   42.5      0    1.5      0      0      0      0      0      0     67     67   64.5      0      0   54.5     67    1.5      0      0      0     67     67      6
      0     51     67      0      0     67    1.5      0   33.5     62      0      0      0      0      0   62.5      6   63.5      0      0      0      0      0      0      0      0      0      0   66.5     67    2.5      0      0    0.5   62.5      0      0      0      0   16.5     67      0
      0     10     62      0      0     66      0      0      5   33.5      0      0      0      0      0     35      0   39.5      0      0      0      0      0      0      0      0      0      0   54.5     66      0      0      0      0     30      0      0      0      0      1     65      0
     67     67     67     67   66.5     67     67     67     67     67   33.5     67     45   64.5     59     67     67     67     67     67     67     67   65.5     67     67     67     67     67     67     67     67   16.5     67     67     67     67     67     23     67     67     67     67
      0     67     67    1.5      0     67     67   65.5     67     67      0   33.5      0      0      0     67     67     67   65.5     67      0   17.5      0    3.5    0.5      0      0      6     67     67     67      0      0     67     67     44      0      0   15.5     67     67   59.5
     67     67     67     67     64     67     67     67     67     67     22     67   33.5     60   51.5     67     67     67     67     67     67     67     62     67     67     67     67     67     67     67     67    6.5     67     67     67     67     67   15.5     67     67     67     67
     65     67     67     67   51.5     67     67     67     67     67    2.5     67      7   33.5   14.5     67     67     67     67     67     67     67     36     67     67     65     67     67     67     67     67    1.5   65.5     67     67     67   66.5    0.5     67     67     67     67
     67     67     67     67     60     67     67     67     67     67      8     67   15.5   52.5   33.5     67     67     67     67     67     67     67   50.5     67     67     67     67     67     67     67     67    4.5     67     67     67     67     67    6.5     67     67     67     67
      0      7   63.5      0      0   65.5      0      0    4.5     32      0      0      0      0      0   33.5      1     36      0      0      0      0      0      0      0      0      0      0     55     64      0      0      0      0     30      0      0      0      0    1.5   64.5      0
      0     65     67      0      0     67   15.5    1.5     61     67      0      0      0      0      0     66   33.5     67      0    4.5      0      0      0      0      0      0      0      0     67     67   20.5      0      0      6     67      0      0      0      0   51.5     67      0
      0    9.5   59.5      0      0     64      0      0    3.5   27.5      0      0      0      0      0     31      0   33.5      0      0      0      0      0      0      0      0      0      0   49.5     62    0.5      0      0      0     25      0      0      0      0    0.5   59.5      0
      0     67     67      0      0     67   66.5   52.5     67     67      0    1.5      0      0      0     67     67     67   33.5   60.5      0      1      0      0      0      0      0      0     67     67   66.5      0      0     63     67      6      0      0      0     67     67     16
      0     67     67      0      0     67   59.5   24.5     67     67      0      0      0      0      0     67   62.5     67    6.5   33.5      0      0      0      0      0      0      0      0     67     67   64.5      0      0   48.5     67      0      0      0      0   66.5     67      2
      2     67     67     62      0     67     67     67     67     67      0     67      0      0      0     67     67     67     67     67   33.5     67      0   66.5     50      1     21   66.5     67     67     67      0    6.5     67     67     67    6.5      0     67     67     67     67
      0     67     67    2.5      0     67     67   65.5     67     67      0   49.5      0      0      0     67     67     67     66     67      0   33.5      0    7.5    0.5      0      0     14     67     67     67      0      0     67     67   56.5      0      0   31.5     67     67   62.5
     65     67     67     67   52.5     67     67     67     67     67    1.5     67      5     31   16.5     67     67     67     67     67     67     67   33.5     67     67   63.5     67     67     67     67     67      0     66     67     67     67   66.5      1     67     67     67     67
      0     67     67     18      0     67     67     67     67     67      0   63.5      0      0      0     67     67     67     67     67    0.5   59.5      0   33.5      9      0      0     51     67     67     67      0      0     67     67     66      0      0     62     67     67   66.5
      1     67     67     51      1     67     67     67     67     67      0   66.5      0      0      0     67     67     67     67     67     17   66.5      0     58   33.5    0.5    8.5     62     67     67     67      0    3.5     67     67   66.5      1      0   66.5     67     67     67
   40.5     67     67   66.5     13     67     67     67     67     67      0     67      0      2      0     67     67     67     67     67     66     67    3.5     67   66.5   33.5   63.5     67     67     67     67      0     57     67     67     67   55.5      0     67     67     67     67
    4.5     67     67     64    0.5     67     67     67     67     67      0     67      0      0      0     67     67     67     67     67     46     67      0     67   58.5    3.5   33.5     67     67     67     67      0     14     67     67     67     12      0     67     67     67     67
      0     67     67      7      0     67     67     67     67     67      0     61      0      0      0     67     67     67     67     67    0.5     53      0     16      5      0      0   33.5     67     67     67      0      0     67     67     66      0      0     57     67     67   66.5
      0    1.5   55.5      0      0   63.5      0      0    0.5   12.5      0      0      0      0      0     12      0   17.5      0      0      0      0      0      0      0      0      0      0   33.5   63.5      0      0      0      0   11.5      0      0      0      0      0   56.5      0
      0    0.5   17.5      0      0   35.5      0      0      0      1      0      0      0      0      0      3      0      5      0      0      0      0      0      0      0      0      0      0    3.5   33.5      0      0      0      0      1      0      0      0      0      0     13      0
      0     66     67      0      0     67     28    2.5   64.5     67      0      0      0      0      0     67   46.5   66.5    0.5    2.5      0      0      0      0      0      0      0      0     67     67   33.5      0      0      9     67      0      0      0      0   58.5     67      0
     67     67     67     67     67     67     67     67     67     67   50.5     67   60.5   65.5   62.5     67     67     67     67     67     67     67     67     67     67     67     67     67     67     67     67   33.5     67     67     67     67     67   48.5     67     67     67     67
     16     67     67   65.5    4.5     67     67     67     67     67      0     67      0    1.5      0     67     67     67     67     67   60.5     67      1     67   63.5     10     53     67     67     67     67      0   33.5     67     67     67   27.5      0     67     67     67     67
      0     67     67      0      0     67   54.5   12.5   66.5     67      0      0      0      0      0     67     61     67      4   18.5      0      0      0      0      0      0      0      0     67     67     58      0      0   33.5     67      0      0      0      0   66.5     67      1
      0   13.5     63      0      0     67      0      0    4.5     37      0      0      0      0      0     37      0     42      0      0      0      0      0      0      0      0      0      0   55.5     66      0      0      0      0   33.5      0      0      0      0    0.5     64      0
      0     67     67      0      0     67     67   65.5     67     67      0     23      0      0      0     67     67     67     61     67      0   10.5      0      1    0.5      0      0      1     67     67     67      0      0     67     67   33.5      0      0    6.5     67     67   52.5
     14     67     67   66.5      4     67     67     67     67     67      0     67      0    0.5      0     67     67     67     67     67   60.5     67    0.5     67     66   11.5     55     67     67     67     67      0   39.5     67     67     67   33.5      0     67     67     67     67
     67     67     67     67   66.5     67     67     67     67     67     44     67   51.5   66.5   60.5     67     67     67     67     67     67     67     66     67     67     67     67     67     67     67     67   18.5     67     67     67     67     67   33.5     67     67     67     67
      0     67     67      1      0     67     67     67     67     67      0   51.5      0      0      0     67     67     67     67     67      0   35.5      0      5    0.5      0      0     10     67     67     67      0      0     67     67   60.5      0      0   33.5     67     67   65.5
      0   60.5     67      0      0     67    3.5      0   50.5     66      0      0      0      0      0   65.5   15.5   66.5      0    0.5      0      0      0      0      0      0      0      0     67     67    8.5      0      0    0.5   66.5      0      0      0      0   33.5     67      0
      0      0   36.5      0      0   50.5      0      0      0      2      0      0      0      0      0    2.5      0    7.5      0      0      0      0      0      0      0      0      0      0   10.5     54      0      0      0      0      3      0      0      0      0      0   33.5      0
      0     67     67      0      0     67     67     61     67     67      0    7.5      0      0      0     67     67     67     51     65      0    4.5      0    0.5      0      0      0    0.5     67     67     67      0      0     66     67   14.5      0      0    1.5     67     67   33.5

