COMPONENT 1
Central weak order
{12 14} > {1 2 10} > {5 16} > {8 28} > 22 > 27 > {19 29} > 23 > 17 > 6 > 13 > 20 > 15 > 9 > 24 > 25 > 30 > {7 18} > {11 21 26} > 4 > 3
Weight
0.250
Pairwise count matrix
    125  112.5    250    250    218    250    250  245.5    250  118.5    250     38    250     30    250    223    250    250    250    250    250    249    250    250    250    250    250  244.5    250    250
  137.5    125    250    250  225.5    250    250  246.5    250    132    250     46    250   42.5    250    227    250    250  249.5    250    250  249.5    250    250    250    250    250    246    250    250
      0      0    125     75      0      0    2.5      0      0      0   17.5      0      0      0      0      0      0      3      0      0     19      0      0      0    0.5   19.5      0      0      0      0
      0      0    175    125      0      0      6      0      0      0     38      0      0      0      0      0      0    7.5      0      0   48.5      0      0      0      0   45.5      0      0      0    1.5
     32   24.5    250    250    125    250    250    218    250   27.5    250      6    250      5    250    126    250    250  249.5    250    250  243.5  249.5    250    250    250  247.5  220.5    250    250
      0      0    250    250      0    125    250      0  247.5      0    250      0  205.5      0  242.5      0     59    250      3    232    250      0     18    250    249    250      0      0   10.5    250
      0      0  247.5    244      0      0    125      0    0.5      0    217      0      0      0      0      0      0    125      0      0    221      0      0      3   11.5  218.5      0      0      0   34.5
    4.5    3.5    250    250     32    250    250    125    250      3    250    0.5    250    0.5    250     34    250    250  242.5    250    250  206.5    249    250    250    250  232.5    128  245.5    250
      0      0    250    250      0    2.5  249.5      0    125      0    250      0    9.5      0     54      0      0  249.5      0   26.5    250      0    0.5  201.5    230    250      0      0      0  242.5
  131.5    118    250    250  222.5    250    250    247    250    125    250     42    250   37.5    250    225    250    250    250    250    250  249.5    250    250    250    250    250  246.5    250    250
      0      0  232.5    212      0      0     33      0      0      0    125      0      0      0      0      0      0   33.5      0      0  133.5      0      0      1      3  124.5      0      0      0      8
    212    204    250    250    244    250    250  249.5    250    208    250    125    250  117.5    250  244.5    250    250    250    250    250    250    250    250    250    250    250    249    250    250
      0      0    250    250      0   44.5    250      0  240.5      0    250      0    125      0    218      0   19.5    250    0.5  189.5    250      0      4    249    249    250      0      0      2    250
    220  207.5    250    250    245    250    250  249.5    250  212.5    250  132.5    250    125    250  245.5    250    250    250    250    250    250    250    250    250    250    250    249    250    250
      0      0    250    250      0    7.5    250      0    196      0    250      0     32      0    125      0      1    250      0     66    250      0    0.5  228.5    241    250      0      0    0.5  246.5
     27     23    250    250    124    250    250    216    250     25    250    5.5    250    4.5    250    125    250    250    250    250    250  241.5  249.5    250    250    250    246  217.5    250    250
      0      0    250    250      0    191    250      0    250      0    250      0  230.5      0    249      0    125    250     19    246    250      0   55.5    250  249.5    250      1      0   16.5    250
      0      0    247  242.5      0      0    125      0    0.5      0  216.5      0      0      0      0      0      0    125      0      0    223      0      0      3   12.5  220.5      0      0      0   28.5
      0    0.5    250    250    0.5    247    250    7.5    250      0    250      0  249.5      0    250      0    231    250    125  249.5    250     12  206.5    250    250    250   45.5    5.5    136    250
      0      0    250    250      0     18    250      0  223.5      0    250      0   60.5      0    184      0      4    250    0.5    125    250      0      2  242.5    248    250      0      0    0.5    249
      0      0    231  201.5      0      0     29      0      0      0  116.5      0      0      0      0      0      0     27      0      0    125      0      0      0    2.5  121.5      0      0      0      3
      1    0.5    250    250    6.5    250    250   43.5    250    0.5    250      0    250      0    250    8.5    250    250    238    250    250    125  245.5    250    250    250  197.5   40.5  237.5    250
      0      0    250    250    0.5    232    250      1  249.5      0    250      0    246      0  249.5    0.5  194.5    250   43.5    248    250    4.5    125    250    250    250   14.5      1     53    250
      0      0    250    250      0      0    247      0   48.5      0    249      0      1      0   21.5      0      0    247      0    7.5    250      0      0    125  193.5  249.5      0      0      0    231
      0      0  249.5    250      0      1  238.5      0     20      0    247      0      1      0      9      0    0.5  237.5      0      2  247.5      0      0   56.5    125    247      0      0      0    185
      0      0  230.5  204.5      0      0   31.5      0      0      0  125.5      0      0      0      0      0      0   29.5      0      0  128.5      0      0    0.5      3    125      0      0      0   11.5
      0      0    250    250    2.5    250    250   17.5    250      0    250      0    250      0    250      4    249    250  204.5    250    250   52.5  235.5    250    250    250    125   14.5  212.5    250
    5.5      4    250    250   29.5    250    250    122    250    3.5    250      1    250      1    250   32.5    250    250  244.5    250    250  209.5    249    250    250    250  235.5    125    248    250
      0      0    250    250      0  239.5    250    4.5    250      0    250      0    248      0  249.5      0  233.5    250    114  249.5    250   12.5    197    250    250    250   37.5      2    125    250
      0      0    250  248.5      0      0  215.5      0    7.5      0    242      0      0      0    3.5      0      0  221.5      0      1    247      0      0     19     65  238.5      0      0      0    125

COMPONENT 2
Central weak order
17 > {5 20} > 11 > 7 > 3 > 14 > 27 > 4 > 26 > 9 > 28 > 6 > 25 > {13 22} > 10 > 18 > 8 > 29 > {2 12 30} > {16 19} > 15 > {1 23} > 24 > 21
Weight
0.250
Pairwise count matrix
    125    0.5      0      0      0      0      0      0      0      0      0    1.5      0      0     36   13.5      0      0    7.5      0    217      0    118  205.5      0      0      0      0      0    1.5
  249.5    125      0      0      0      0      0   12.5      0      0      0    125      0      0    244    228      0    2.5  228.5      0    250    0.5    250    250      0      0      0      0     34  122.5
    250    250    125  240.5      5    250     55    250    249    250     19    250    250    197    250    250      3    250    250    5.5    250    250    250    250    250  248.5  227.5    250    250    250
    250    250    9.5    125    0.5    247    4.5    250    227    250      1    250    250     23    250    250      0    250    250      0    250    250    250    250  249.5    197     53  241.5    250    250
    250    250    245  249.5    125    250    234    250    250    250  197.5    250    250  249.5    250    250   56.5    250    250    126    250    250    250    250    250    250    250    250    250    250
    250    250      0      3      0    125      0  249.5     22    246      0    250  234.5    0.5    250    250      0  249.5    250      0    250  229.5    250    250    189      7      0   51.5    250    250
    250    250    195  245.5     16    250    125    250    250    250     62    250    250    234    250    250    8.5    250    250   20.5    250    250    250    250    250    250  243.5    250    250    250
    250  237.5      0      0      0    0.5      0    125      0   28.5      0  241.5    6.5      0    250    250      0   61.5  249.5      0    250      4    250    250    0.5      0      0      0  196.5    241
    250    250      1     23      0    228      0    250    125  249.5      0    250    248    2.5    250    250      0    250    250      0    250    247    250    250    244     62      7  185.5    250    250
    250    250      0      0      0      4      0  221.5    0.5    125      0  248.5     43      0    250    250      0  197.5    250      0    250     43    250    250      9      0      0      0  243.5    249
    250    250    231    249   52.5    250    188    250    250    250    125    250    250  243.5    250    250   19.5    250    250   50.5    250    250    250    250    250    250  248.5    250    250    250
  248.5    125      0      0      0      0      0    8.5      0    1.5      0    125      0      0    243  225.5      0    2.5  222.5      0    250      0  248.5    250      0      0      0      0     46  125.5
    250    250      0      0      0   15.5      0  243.5      2    207      0    250    125      0    250    250      0    238    250      0    250  129.5    250    250     46    0.5      0    2.5    249    250
    250    250     53    227    0.5  249.5     16    250  247.5    250    6.5    250    250    125    250    250    0.5    250    250    1.5    250    250    250    250  249.5  244.5  181.5  249.5    250    250
    214      6      0      0      0      0      0      0      0      0      0      7      0      0    125     46      0      0     40      0    245      0    211    239      0      0      0      0      1      5
  236.5     22      0      0      0      0      0      0      0      0      0   24.5      0      0    204    125      0      0    121      0    247      0    236    247      0      0      0      0    6.5   28.5
    250    250    247    250  193.5    250  241.5    250    250    250  230.5    250    250  249.5    250    250    125    250    250    190    250    250    250    250    250    250    249    250    250    250
    250  247.5      0      0      0    0.5      0  188.5      0   52.5      0  247.5     12      0    250    250      0    125    250      0    250     13    250    250    3.5      0      0      0    230    249
  242.5   21.5      0      0      0      0      0    0.5      0      0      0   27.5      0      0    210    129      0      0    125      0    248      0    238    249      0      0      0      0      5   27.5
    250    250  244.5    250    124    250  229.5    250    250    250  199.5    250    250  248.5    250    250     60    250    250    125    250    250    250    250    250    250  249.5    250    250    250
     33      0      0      0      0      0      0      0      0      0      0      0      0      0      5      3      0      0      2      0    125      0     27     81      0      0      0      0      0      0
    250  249.5      0      0      0   20.5      0    246      3    207      0    250  120.5      0    250    250      0    237    250      0    250    125    250    250     47    0.5      0    5.5    250    250
    132      0      0      0      0      0      0      0      0      0      0    1.5      0      0     39     14      0      0     12      0    223      0    125    204      0      0      0      0      0    1.5
   44.5      0      0      0      0      0      0      0      0      0      0      0      0      0     11      3      0      0      1      0    169      0     46    125      0      0      0      0      0      0
    250    250      0    0.5      0     61      0  249.5      6    241      0    250    204    0.5    250    250      0  246.5    250      0    250    203    250    250    125      2      0   22.5    250    250
    250    250    1.5     53      0    243      0    250    188    250      0    250  249.5    5.5    250    250      0    250    250      0    250  249.5    250    250    248    125     15    224    250    250
    250    250   22.5    197      0    250    6.5    250    243    250    1.5    250    250   68.5    250    250      1    250    250    0.5    250    250    250    250    250    235    125    248    250    250
    250    250      0    8.5      0  198.5      0    250   64.5    250      0    250  247.5    0.5    250    250      0    250    250      0    250  244.5    250    250  227.5     26      2    125    250    250
    250    216      0      0      0      0      0   53.5      0    6.5      0    204      1      0    249  243.5      0     20    245      0    250      0    250    250      0      0      0      0    125    213
  248.5  127.5      0      0      0      0      0      9      0      1      0  124.5      0      0    245  221.5      0      1  222.5      0    250      0  248.5    250      0      0      0      0     37    125

COMPONENT 3
Central weak order
{1 17} > {16 22} > {18 26} > 19 > 29 > 28 > 4 > 14 > {25 27} > 5 > 20 > {12 24} > 15 > 21 > 23 > 30 > 9 > {3 6 7} > 11 > 10 > 13 > {2 8}
Weight
0.250
Pairwise count matrix
    125    250    250    250    250    250    250    250    250    250    250    250    250    250    250  210.5    127    242    250    250    250    213    250    250    250    243    250    250  249.5    250
      0    125    2.5      0      0    1.5      1  129.5    0.5     23      6      0   45.5      0      0      0      0      0      0      0      0      0      0      0      0      0      0      0      0      0
      0  247.5    125      0      0  123.5    129    247     41  233.5  206.5      0    245      0      0      0      0      0      0      0      1      0      3      0      0      0      0      0      0      9
      0    250    250    125  247.5    250    250    250    250    250    250    250    250    195    250      1      0    1.5      4  249.5    250      0    250  249.5    233    2.5    236   59.5   16.5    250
      0    250    250    2.5    125    250    250    250    250    250    250  241.5    250   11.5    248      0      0      0    0.5    203  249.5      0    250  236.5   47.5    0.5   54.5    1.5      1    250
      0  248.5  126.5      0      0    125    129  247.5     39    237  210.5      0  244.5      0      0      0      0      0      0      0      0      0    1.5      0      0      0      0      0      0     10
      0    249    121      0      0    121    125    248   36.5    233  204.5      0  245.5      0      0      0      0      0      0      0      1      0      2      0      0      0      0      0      0      8
      0  120.5      3      0      0    2.5      2    125      1     22    7.5      0     48      0      0      0      0      0      0      0      0      0      0      0      0      0      0      0      0      0
      0  249.5    209      0      0    211  213.5    249    125    248    241      0    249      0    1.5      0      0      0      0      0    4.5      0   14.5      0      0      0      0      0      0   52.5
      0    227   16.5      0      0     13     17    228      2    125   54.5      0    190      0      0      0      0      0      0      0      0      0      0      0      0      0      0      0      0      0
      0    244   43.5      0      0   39.5   45.5  242.5      9  195.5    125      0    228      0      0      0      0      0      0      0      0      0      0      0      0      0      0      0      0    1.5
      0    250    250      0    8.5    250    250    250    250    250    250    125    250      0    212      0      0      0      0   43.5    235      0  244.5    121    3.5      0    3.5      0      0    248
      0  204.5      5      0      0    5.5    4.5    202      1     60     22      0    125      0      0      0      0      0      0      0      0      0      0      0      0      0      0      0      0      0
      0    250    250     55  238.5    250    250    250    250    250    250    250    250    125    250      0      0      0    0.5    249    250      0    250    249  209.5    0.5  211.5   19.5    3.5    250
      0    250    250      0      2    250    250    250  248.5    250    250     38    250      0    125      0      0      0      0    8.5    191      0    228   39.5    0.5      0    0.5      0      0  245.5
   39.5    250    250    249    250    250    250    250    250    250    250    250    250    250    250    125   38.5    216    243    250    250    128    250    250    250  227.5    250    249  248.5    250
    123    250    250    250    250    250    250    250    250    250    250    250    250    250    250  211.5    125  239.5  249.5    250    250    209    250    250    250  245.5    250  249.5    249    250
      8    250    250  248.5    250    250    250    250    250    250    250    250    250    250    250     34   10.5    125  207.5    250    250   39.5    250    250    250  140.5    250    246  236.5    250
      0    250    250    246  249.5    250    250    250    250    250    250    250    250  249.5    250      7    0.5   42.5    125    250    250      7    250    250    250   50.5    250  234.5    193    250
      0    250    250    0.5     47    250    250    250    250    250    250  206.5    250      1  241.5      0      0      0      0    125    245      0    249    205    8.5      0     13      0      0    250
      0    250    249      0    0.5    250    249    250  245.5    250    250     15    250      0     59      0      0      0      0      5    125      0  185.5   15.5      0      0    0.5      0      0  230.5
     37    250    250    250    250    250    250    250    250    250    250    250    250    250    250    122     41  210.5    243    250    250    125    250    250    250  224.5    250    249    247    250
      0    250    247      0      0  248.5    248    250  235.5    250    250    5.5    250      0     22      0      0      0      0      1   64.5      0    125      6    0.5      0      0      0      0  208.5
      0    250    250    0.5   13.5    250    250    250    250    250    250    129    250      1  210.5      0      0      0      0     45  234.5      0    244    125      4      0      3      0      0    248
      0    250    250     17  202.5    250    250    250    250    250    250  246.5    250   40.5  249.5      0      0      0      0  241.5    250      0  249.5    246    125      0  126.5    2.5    0.5    250
      7    250    250  247.5  249.5    250    250    250    250    250    250    250    250  249.5    250   22.5    4.5  109.5  199.5    250    250   25.5    250    250    250    125    250    244  233.5    250
      0    250    250     14  195.5    250    250    250    250    250    250  246.5    250   38.5  249.5      0      0      0      0    237  249.5      0    250    247  123.5      0    125    4.5      0    250
      0    250    250  190.5  248.5    250    250    250    250    250    250    250    250  230.5    250      1    0.5      4   15.5    250    250      1    250    250  247.5      6  245.5    125   59.5    250
    0.5    250    250  233.5    249    250    250    250    250    250    250    250    250  246.5    250    1.5      1   13.5     57    250    250      3    250    250  249.5   16.5    250  190.5    125    250
      0    250    241      0      0    240    242    250  197.5    250  248.5      2    250      0    4.5      0      0      0      0      0   19.5      0   41.5      2      0      0      0      0      0    125

COMPONENT 4
Central weak order
17 > 16 > 12 > 10 > 14 > 13 > 27 > 18 > 22 > 11 > 2 > 24 > 26 > {25 28} > 15 > 8 > {3 4 5 29} > 21 > 9 > 23 > {1 19 30} > 7 > {6 20}
Weight
0.250
Pairwise count matrix
    125      0    1.5      4    0.5  242.5  202.5      0     16      0      0      0      0      0      0      0      0      0  122.5    236      3      0     42      0      0      0      0      0    0.5    125
    250    125    250    250    250    250    250  249.5    250      0     49      0    0.5      0    248      0      0    6.5    250    250    250   20.5    250  189.5  242.5  227.5      4  241.5    250    250
  248.5      0    125    130  133.5    250    250   32.5  234.5      0      0      0      0      0   14.5      0      0      0    249    250  217.5      0    244      0      5      0      0      2    121    249
    246      0    120    125  128.5    250  249.5     35  231.5      0      0      0      0      0     13      0      0      0  249.5    250  211.5      0    246    0.5      3      0      0    2.5    116  248.5
  249.5      0  116.5  121.5    125    250    250     32  234.5      0      0      0      0      0   12.5      0      0      0  248.5    250    209      0    243      0      3    0.5      0      1  108.5  248.5
    7.5      0      0      0      0    125   52.5      0      0      0      0      0      0      0      0      0      0      0     10    124      0      0      2      0      0      0      0      0      0     12
   47.5      0      0    0.5      0  197.5    125      0    2.5      0      0      0      0      0      0      0      0      0   43.5    203    0.5      0   13.5      0      0      0      0      0      0   42.5
    250    0.5  217.5    215    218    250    250    125  246.5      0      0      0      0      0     57      0      0      0    249    250    242      0  248.5      1     22    1.5      0     14    215  249.5
    234      0   15.5   18.5   15.5    250  247.5    3.5    125      0      0      0      0      0      0      0      0      0    238    249     60      0    184      0      0      0      0      0     10    239
    250    250    250    250    250    250    250    250    250    125    250     63  230.5  197.5    250   26.5   13.5  249.5    250    250    250  249.5    250    250    250    250    240    250    250    250
    250    201    250    250    250    250    250    250    250      0    125      0      3    0.5    250      0      0     25    250    250    250     59    250  231.5  249.5  246.5      6  249.5    250    250
    250    250    250    250    250    250    250    250    250    187    250    125    241    232    250   58.5   30.5  249.5    250    250    250  249.5    250    250    250    250    247    250    250    250
    250  249.5    250    250    250    250    250    250    250   19.5    247      9    125   53.5    250      2      0  237.5    250    250    250  244.5    250  249.5    250  249.5    193    250    250    250
    250    250    250    250    250    250    250    250    250   52.5  249.5     18  196.5    125    250      6      3  244.5    250    250    250    248    250    250    250    250    229    250    250    250
    250      2  235.5    237  237.5    250    250    193    250      0      0      0      0      0    125      0      0      0    250    250    248      0    250    3.5   49.5      9      0   38.5  235.5    250
    250    250    250    250    250    250    250    250    250  223.5    250  191.5    248    244    250    125   71.5    250    250    250    250    250    250    250    250    250    249    250    250    250
    250    250    250    250    250    250    250    250    250  236.5    250  219.5    250    247    250  178.5    125    249    250    250    250    250    250    250    250    250    250    250    250    250
    250  243.5    250    250    250    250    250    250    250    0.5    225    0.5   12.5    5.5    250      0      1    125    250    250    250  190.5    250  247.5    250  249.5     48  249.5    250    250
  127.5      0      1    0.5    1.5    240  206.5      1     12      0      0      0      0      0      0      0      0      0    125    238      2      0     37      0      0      0      0      0      0  125.5
     14      0      0      0      0    126     47      0      1      0      0      0      0      0      0      0      0      0     12    125    0.5      0      5      0      0      0      0      0      0     14
    247      0   32.5   38.5     41    250  249.5      8    190      0      0      0      0      0      2      0      0      0    248  249.5    125      0  222.5      0      0      0      0      0   29.5    246
    250  229.5    250    250    250    250    250    250    250    0.5    191    0.5    5.5      2    250      0      0   59.5    250    250    250    125    250  244.5    249    247   20.5    250    250    250
    208      0      6      4      7    248  236.5    1.5     66      0      0      0      0      0      0      0      0      0    213    245   27.5      0    125      0      0      0      0      0      4    213
    250   60.5    250  249.5    250    250    250    249    250      0   18.5      0    0.5      0  246.5      0      0    2.5    250    250    250    5.5    250    125    236    191      1    232    250    250
    250    7.5    245    247    247    250    250    228    250      0    0.5      0      0      0  200.5      0      0      0    250    250    250      1    250     14    125     36      0    109  245.5    250
    250   22.5    250    250  249.5    250    250  248.5    250      0    3.5      0    0.5      0    241      0      0    0.5    250    250    250      3    250     59    214    125    0.5    203    249    250
    250    246    250    250    250    250    250    250    250     10    244      3     57     21    250      1      0    202    250    250    250  229.5    250    249    250  249.5    125    250    250    250
    250    8.5    248  247.5    249    250    250    236    250      0    0.5      0      0      0  211.5      0      0    0.5    250    250    250      0    250     18    141     47      0    125  246.5    250
  249.5      0    129    134  141.5    250    250     35    240      0      0      0      0      0   14.5      0      0      0    250    250  220.5      0    246      0    4.5      1      0    3.5    125  249.5
    125      0      1    1.5    1.5    238  207.5    0.5     11      0      0      0      0      0      0      0      0      0  124.5    236      4      0     37      0      0      0      0      0    0.5    125

