COMPONENT 1
Central weak order
6 > 9 > {5 31} > 28 > 25 > {1 3 26} > 17 > {4 20} > 34 > {18 29} > 10 > 13 > 16 > {14 23} > {27 32} > 36 > 12 > 35 > 24 > 7 > 22 > {15 30} > 19 > {2 8} > 11 > 21 > 33
Weight
0.500
Pairwise count matrix
    250    500  246.5  478.5      7      0    500    500    1.5    500    500    500    500    500    500    500    412  496.5    500    478    500    500    500    500   80.5  238.5    500   31.5  497.5    500    7.5    500    500  494.5    500    500
      0    250      0      0      0      0    0.5  245.5      0      0    399      0      0      0     31      0      0      0   99.5      0    451      5      0    0.5      0      0      0      0      0   31.5      0      0    470      0      0      0
  253.5    500    250  479.5    7.5      0    500    500    0.5    500    500    500    500    500    500    500    411    499    500  479.5    500    500    500    500     81  239.5    500   33.5    499    500    8.5    500    500  495.5    500    500
   21.5    500   20.5    250      0      0    500    500      0  493.5    500    500  497.5    500    500    500     92    477    500  243.5    500    500    500    500    6.5     22    500    1.5    467    500      1    500    500    404    500    500
    493    500  492.5    500    250   58.5    500    500  119.5    500    500    500    500    500    500    500  498.5    500    500    500    500    500    500    500    461  492.5    500    400    500    500    254    500    500    500    500    500
    500    500    500    500  441.5    250    500    500    346    500    500    500    500    500    500    500    500    500    500    500    500    500    500    500    498    500    500  486.5    500    500  439.5    500    500    500    500    500
      0  499.5      0      0      0      0    250  496.5      0      0  499.5   15.5      0      0    461      0      0      0    491      0    500    371    0.5  125.5      0      0    0.5      0      0    454      0      1    500      0   56.5    6.5
      0  254.5      0      0      0      0    3.5    250      0      0    398      0      0      0   34.5      0      0      0   95.5      0  449.5    8.5      0    0.5      0      0      0      0      0     32      0      0  472.5      0    0.5      0
  498.5    500  499.5    500  380.5    154    500    500    250    500    500    500    500    500    500    500  499.5    500    500    500    500    500    500    500    493    498    500  465.5    500    500    391    500    500    500    500    500
      0    500      0    6.5      0      0    500    500      0    250    500  499.5    372    484    500    444    0.5   95.5    500      4    500    500  485.5    500      0      0  495.5      0  104.5    500      0    497    500   28.5    500  499.5
      0    101      0      0      0      0    0.5    102      0      0    250      0      0      0     10      0      0      0     33      0    359      2      0      0      0      0      0      0      0    6.5      0      0    409      0      0      0
      0    500      0      0      0      0  484.5    500      0    0.5    500    250      0      7  499.5      2      0      0  498.5      0    500    493      4  443.5      0      0     44      0      0    499      0     42    500      0    383    123
      0    500      0    2.5      0      0    500    500      0    128    500    500    250  450.5    500  371.5      2     42    500    0.5    500    500    462    500      0      0    493      0     45    500      0    494    500     14    500    499
      0    500      0      0      0      0    500    500      0     16    500    493   49.5    250    500    101      0      3    500      0    500    500    252    499      0      0  423.5      0      4    500      0  438.5    500      1    497  483.5
      0    469      0      0      0      0     39  465.5      0      0    490    0.5      0      0    250      0      0      0  381.5      0    494   95.5      0   13.5      0      0      0      0      0  235.5      0      0    498      0      5    1.5
      0    500      0      0      0      0    500    500      0     56    500    498  128.5    399    500    250      0     15    500      0    500    500    393    500      0      0    479      0     19    500      0  477.5    500      6    500  495.5
     88    500     89    408    1.5      0    500    500    0.5  499.5    500    500    498    500    500    500    250    492    500  403.5    500    500    500    500   19.5     86  499.5      8    491    500    0.5    500    500    472    500    500
    3.5    500      1     23      0      0    500    500      0  404.5    500    500    458    497    500    485      8    250    500     29    500    500  497.5    500      0      1  498.5      0    253    500      0    500    500   94.5    500    500
      0  400.5      0      0      0      0      9  404.5      0      0    467    1.5      0      0  118.5      0      0      0    250      0    488     23      0      4      0      0      0      0      0  109.5      0      0  494.5      0    1.5      0
     22    500   20.5  256.5      0      0    500    500      0    496    500    500  499.5    500    500    500   96.5    471    500    250    500    500    500    500      3   18.5    500    1.5  468.5    500    0.5    500    500    398    500    500
      0     49      0      0      0      0      0   50.5      0      0    141      0      0      0      6      0      0      0     12      0    250      3      0      0      0      0      0      0      0    5.5      0      0  320.5      0      0      0
      0    495      0      0      0      0    129  491.5      0      0    498      7      0      0  404.5      0      0      0    477      0    497    250      0     50      0      0      0      0      0  396.5      0      0    500      0     21      4
      0    500      0      0      0      0  499.5    500      0   14.5    500    496     38    248    500    107      0    2.5    500      0    500    500    250    499      0      0    422      0      3    500      0    429    500      1  498.5  482.5
      0  499.5      0      0      0      0  374.5  499.5      0      0    500   56.5      0      1  486.5      0      0      0    496      0    500    450      1    250      0      0    2.5      0      0    484      0    3.5    500      0    143     23
  419.5    500    419  493.5     39      2    500    500      7    500    500    500    500    500    500    500  480.5    500    500    497    500    500    500    500    250  409.5    500    124    500    500   37.5    500    500    499    500    500
  261.5    500  260.5    478    7.5      0    500    500      2    500    500    500    500    500    500    500    414    499    500  481.5    500    500    500    500   90.5    250    500   38.5  499.5    500   10.5    500    500    495    500    500
      0    500      0      0      0      0  499.5    500      0    4.5    500    456      7   76.5    500     21    0.5    1.5    500      0    500    500     78  497.5      0      0    250      0      0    500      0    240    500      0    489    398
  468.5    500  466.5  498.5    100   13.5    500    500   34.5    500    500    500    500    500    500    500    492    500    500  498.5    500    500    500    500    376  461.5    500    250    500    500   98.5    500    500  499.5    500    500
    2.5    500      1     33      0      0    500    500      0  395.5    500    500    455    496    500    481      9    247    500   31.5    500    500    497    500      0    0.5    500      0    250    500      0    499    500   97.5    500    500
      0  468.5      0      0      0      0     46    468      0      0  493.5      1      0      0  264.5      0      0      0  390.5      0  494.5  103.5      0     16      0      0      0      0      0    250      0      0    499      0      7      1
  492.5    500  491.5    499    246   60.5    500    500    109    500    500    500    500    500    500    500  499.5    500    500  499.5    500    500    500    500  462.5  489.5    500  401.5    500    500    250    500    500    500    500    500
      0    500      0      0      0      0    499    500      0      3    500    458      6   61.5    500   22.5      0      0    500      0    500    500     71  496.5      0      0    260      0      1    500      0    250    500      0    489    401
      0     30      0      0      0      0      0   27.5      0      0     91      0      0      0      2      0      0      0    5.5      0  179.5      0      0      0      0      0      0      0      0      1      0      0    250      0      0      0
    5.5    500    4.5     96      0      0    500    500      0  471.5    500    500    486    499    500    494     28  405.5    500    102    500    500    499    500      1      5    500    0.5  402.5    500      0    500    500    250    500    500
      0    500      0      0      0      0  443.5  499.5      0      0    500    117      0      3    495      0      0      0  498.5      0    500    479    1.5    357      0      0     11      0      0    493      0     11    500      0    250     47
      0    500      0      0      0      0  493.5    500      0    0.5    500    377      1   16.5  498.5    4.5      0      0    500      0    500    496   17.5    477      0      0    102      0      0    499      0     99    500      0    453    250

COMPONENT 2
Central weak order
12 > 10 > 11 > 16 > 21 > 8 > 6 > {7 9 14 15 29} > 24 > 31 > 32 > 23 > {20 27} > 1 > {3 19 35} > 26 > 5 > 17 > 4 > 28 > 30 > 36 > 18 > 25 > {22 33} > 34 > 13 > 2
Weight
0.500
Pairwise count matrix
    250    500  406.5    500    495      0      0      0      1      0      0      0    500      0    0.5      0    499    500    408    100      0    500     31    0.5    500  486.5   98.5    500      0    500    2.5    6.5    500    500  423.5    500
      0    250      0      0      0      0      0      0      0      0      0      0    178      0      0      0      0    0.5      0      0      0     25      0      0      5      0      0      0      0      0      0      0     22     80      0      1
   93.5    500    250  492.5  459.5      0      0      0      0      0      0      0    500      0      0      0    483    500  251.5     25      0    500   10.5      0    500  411.5     29    499      0    500      0    2.5    500    500    255  499.5
      0    500    7.5    250     49      0      0      0      0      0      0      0    500      0      0      0    125    493    2.5      0      0  499.5      0      0    498     21      0  389.5      0  445.5      0      0    499    500      9  478.5
      5    500   40.5    451    250      0      0      0      0      0      0      0    500      0      0      0    377    500   28.5      1      0    500      0      0    500    126      1    482      0  494.5      0      0    500    500   38.5  498.5
    500    500    500    500    500    250    416    113    421    3.5    6.5    0.5    500  420.5  409.5     15    500    500    500  499.5   44.5    500    500  483.5    500    500    500    500  420.5    500  490.5  498.5    500    500    500    500
    500    500    500    500    500     84    250     26  244.5    0.5      1      0    500  260.5    250    2.5    500    500    500  498.5      7    500    496    431    500    500  499.5    500  252.5    500    473    497    500    500    500    500
    500    500    500    500    500    387    474    250    472    8.5   24.5    0.5    500  475.5  467.5     46    500    500    500  499.5    126    500    500    493    500    500    500    500    474    500  498.5  499.5    500    500    500    500
    499    500    500    500    500     79  255.5     28    250      0    1.5      0    500  253.5  243.5      3    500    500    500    498      9    500    497  429.5    500    500    497    500  248.5    500    472  494.5    500    500    500    500
    500    500    500    500    500  496.5  499.5  491.5    500    250  373.5  162.5    500    500    500  446.5    500    500    500    500    479    500    500    500    500    500    500    500  498.5    500    500    500    500    500    500    500
    500    500    500    500    500  493.5    499  475.5  498.5  126.5    250   80.5    500    500    499    371    500    500    500    500    448    500    500    500    500    500    500    500    500    500    500    500    500    500    500    500
    500    500    500    500    500  499.5    500  499.5    500  337.5  419.5    250    500    500    500    472    500    500    500    500  493.5    500    500    500    500    500    500    500    500    500    500    500    500    500    500    500
      0    322      0      0      0      0      0      0      0      0      0      0    250      0      0      0      0    1.5      0      0      0   41.5      0      0    9.5      0      0      0      0    0.5      0      0     37  109.5      0      1
    500    500    500    500    500   79.5  239.5   24.5  246.5      0      0      0    500    250  243.5      2    500    500    500  499.5      9    500    497    426    500    500    499    500    245    500  468.5  493.5    500    500    500    500
  499.5    500    500    500    500   90.5    250   32.5  256.5      0      1      0    500  256.5    250    5.5    500    500    500    498   12.5    500  495.5    423    500    500  498.5    500    249    500    468    489    500    500    500    500
    500    500    500    500    500    485  497.5    454    497   53.5    129     28    500    498  494.5    250    500    500    500    500    377    500    500  499.5    500    500    500    500    495    500  499.5    500    500    500    500    500
      1    500     17    375    123      0      0      0      0      0      0      0    500      0      0      0    250  499.5     13    0.5      0    500      0      0    500     57      0    456      0    485      0      0  499.5    500   14.5    495
      0  499.5      0      7      0      0      0      0      0      0      0      0  498.5      0      0      0    0.5    250      0      0      0    468      0      0  384.5      0      0     19      0     50      0      0    466  489.5      0    122
     92    500  248.5  497.5  471.5      0      0      0      0      0      0      0    500      0      0      0    487    500    250   23.5      0    500    7.5      0    500  408.5   26.5    498      0    500      0      1    500    500  255.5    500
    400    500    475    500    499    0.5    1.5    0.5      2      0      0      0    500    0.5      2      0  499.5    500  476.5    250      0    500  102.5    4.5    500  497.5  251.5    500    1.5    500   13.5   49.5    500    500  483.5    500
    500    500    500    500    500  455.5    493    374    491     21     52    6.5    500    491  487.5    123    500    500    500    500    250    500    500    499    500    500    500    500    489    500    499    500    500    500    500    500
      0    475      0    0.5      0      0      0      0      0      0      0      0  458.5      0      0      0      0     32      0      0      0    250      0      0     95      0      0    0.5      0      4      0      0  240.5    401      0     12
    469    500  489.5    500    500      0      4      0      3      0      0      0    500      3    4.5      0    500    500  492.5  397.5      0    500    250   18.5    500    499  405.5    500    3.5    500   53.5    124    500    500  495.5    500
  499.5    500    500    500    500   16.5     69      7   70.5      0      0      0    500     74     77    0.5    500    500    500  495.5      1    500  481.5    250    500    500  495.5    500   80.5    500    374  455.5    500    500    500    500
      0    495      0      2      0      0      0      0      0      0      0      0  490.5      0      0      0      0  115.5      0      0      0    405      0      0    250      0      0      6      0   23.5      0      0  403.5    473      0   53.5
   13.5    500   88.5    479    374      0      0      0      0      0      0      0    500      0      0      0    443    500   91.5    2.5      0    500      1      0    500    250    4.5    493      0    499      0      0    500    500     90    500
  401.5    500    471    500    499      0    0.5      0      3      0      0      0    500      1    1.5      0    500    500  473.5  248.5      0    500   94.5    4.5    500  495.5    250    500      1    500     16   40.5    500    500    482    500
      0    500      1  110.5     18      0      0      0      0      0      0      0    500      0      0      0     44    481      2      0      0  499.5      0      0    494      7      0    250      0    367      0      0  499.5    500    3.5  457.5
    500    500    500    500    500   79.5  247.5     26  251.5    1.5      0      0    500    255    251      5    500    500    500  498.5     11    500  496.5  419.5    500    500    499    500    250    500  465.5    490    500    500    500    500
      0    500      0   54.5    5.5      0      0      0      0      0      0      0  499.5      0      0      0     15    450      0      0      0    496      0      0  476.5      1      0    133      0    250      0      0    496  498.5      1    381
  497.5    500    500    500    500    9.5     27    1.5     28      0      0      0    500   31.5     32    0.5    500    500    500  486.5      1    500  446.5    126    500    500    484    500   34.5    500    250  377.5    500    500    500    500
  493.5    500  497.5    500    500    1.5      3    0.5    5.5      0      0      0    500    6.5     11      0    500    500    499  450.5      0    500    376   44.5    500    500  459.5    500     10    500  122.5    250    500    500    500    500
      0    478      0      1      0      0      0      0      0      0      0      0    463      0      0      0    0.5     34      0      0      0  259.5      0      0   96.5      0      0    0.5      0      4      0      0    250    399      0     13
      0    420      0      0      0      0      0      0      0      0      0      0  390.5      0      0      0      0   10.5      0      0      0     99      0      0     27      0      0      0      0    1.5      0      0    101    250      0      5
   76.5    500    245    491  461.5      0      0      0      0      0      0      0    500      0      0      0  485.5    500  244.5   16.5      0    500    4.5      0    500    410     18  496.5      0    499      0      0    500    500    250    500
      0    499    0.5   21.5    1.5      0      0      0      0      0      0      0    499      0      0      0      5    378      0      0      0    488      0      0  446.5      0      0   42.5      0    119      0      0    487    495      0    250

