COMPONENT 1
Central weak order
34 > 26 > 38 > 18 > 4 > {16 21} > {9 10 30} > {14 35} > {2 25 32} > 33 > 20 > 13 > 36 > {6 37} > {27 29} > 23 > 15 > 31 > 40 > 17 > 1 > 5 > 8 > 3 > 11 > {28 41} > 24 > 19 > 12 > 7 > 42 > 39 > 22
Weight
0.334
Pairwise count matrix
    167      0  318.5      0  241.5      0    334    296      0      0  326.5    334      0      0    6.5      0   84.5      0    334      0      0    334      1    334      0      0    0.5  331.5      0      0     15      0      0      0      0      0      0      0    334     41  333.5    334
    334    167    334      0    334  333.5    334    334   13.5    7.5    334    334    324     43    334      1    334      0    334  309.5      0    334    334    334    164      0  333.5    334    333    4.5    334  157.5    275      0     55    331  333.5      0    334    334    334    334
   15.5      0    167      0     33      0    333     85      0      0    239  333.5      0      0      0      0      4      0  330.5      0      0    334      0  323.5      0      0      0  295.5      0      0    0.5      0      0      0      0      0      0      0    334      2  294.5    334
    334    334    334    167    334    334    334    334    318  316.5    334    334    334    331    334  244.5    334     78    334    334  255.5    334    334    334  333.5     15    334    334    334    311    334  333.5    334    8.5    329    334    334     35    334    334    334    334
   92.5      0    301      0    167      0  333.5  248.5      0      0  315.5  333.5      0      0      3      0     46      0    333      0      0    334      0  333.5      0      0      0  327.5      0      0      7      0      0      0      0      0      0      0    334   17.5  330.5    334
    334    0.5    334      0    334    167    334    334      0      0    334    334   33.5      0  328.5      0    334      0    334      7      0    334    319    334      2      0    279    334  281.5      0    332    0.5      5      0      0     73  158.5      0    334    334    334    334
      0      0      1      0    0.5      0    167      0      0      0    0.5     95      0      0      0      0      0      0     46      0      0  304.5      0     20      0      0      0    4.5      0      0      0      0      0      0      0      0      0      0    292      0      4  251.5
     38      0    249      0   85.5      0    334    167      0      0    290    334      0      0      0      0     18      0  332.5      0      0    334      0    332      0      0      0  318.5      0      0      1      0      0      0      0      0      0      0    334      6    316    334
    334  320.5    334     16    334    334    334    334    167    165    334    334    333  268.5    334   52.5    334    3.5    334    333     45    334    334    334  320.5    0.5    334    334    334    151    334  317.5    331      0  273.5    334    334    1.5    334    334    334    334
    334  326.5    334   17.5    334    334    334    334    169    167    334    334    334    276    334   48.5    334      6    334    334     43    334    334    334    325      0    334    334    334  155.5    334  322.5    333      0    285    334    334    1.5    334    334    334    334
    7.5      0     95      0   18.5      0  333.5     44      0      0    167    333      0      0      0      0      3      0  325.5      0      0    334      0  306.5      0      0      0    261      0      0      0      0      0      0      0      0      0      0    334    1.5    255    334
      0      0    0.5      0    0.5      0    239      0      0      0      1    167      0      0      0      0      0      0   83.5      0      0  321.5      0   36.5      0      0      0     13      0      0      0      0      0      0      0      0      0      0    313      0      6  294.5
    334     10    334      0    334  300.5    334    334      1      0    334    334    167      0    334      0    334      0    334     88      0    334    333    334   12.5      0  323.5    334    329      0    334     13   40.5      0    1.5  244.5  301.5      0    334    334    334    334
    334    291    334      3    334    334    334    334   65.5     58    334    334    334    167    334   12.5    334      1    334  331.5     10    334    334    334  291.5      0    334    334    334   46.5    334    280    325      0  172.5  333.5    334      0    334    334    334    334
  327.5      0    334      0    331    5.5    334    334      0      0    334    334      0      0    167      0    316      0    334      0      0    334   74.5    334      0      0     34    334     29      0  233.5      0      0      0      0    0.5    3.5      0    334  287.5    334    334
    334    333    334   89.5    334    334    334    334  281.5  285.5    334    334    334  321.5    334    167    334   33.5    334    334  167.5    334    334    334  333.5    4.5    334    334    334    275    334    333    334    4.5  321.5    334    334     13    334    334    334    334
  249.5      0    330      0    288      0    334    316      0      0    331    334      0      0     18      0    167      0    334      0      0    334    4.5  333.5      0      0    2.5  333.5      2      0     43      0      0      0      0      0      0      0    334     83    334    334
    334    334    334    256    334    334    334    334  330.5    328    334    334    334    333    334  300.5    334    167    334    334    301    334    334    334  333.5   41.5    334    334    334    329    334    334    334   30.5    333    334    334     86    334    334    334    334
      0      0    3.5      0      1      0    288    1.5      0      0    8.5  250.5      0      0      0      0      0      0    167      0      0  326.5      0     91      0      0      0   31.5      0      0      0      0      0      0      0      0      0      0    325      0   26.5    318
    334   24.5    334      0    334    327    334    334      1      0    334    334    246    2.5    334      0    334      0    334    167      0    334    334    334     25      0  331.5    334    332      0    334   21.5   87.5      0    4.5  293.5  321.5      0    334    334    334    334
    334    334    334   78.5    334    334    334    334    289    291    334    334    334    324    334  166.5    334     33    334    334    167    334    334    334    333      5    334    334    334  284.5    334    333    334      4    327    334    334      9    334    334    334    334
      0      0      0      0      0      0   29.5      0      0      0      0   12.5      0      0      0      0      0      0    7.5      0      0    167      0    1.5      0      0      0    0.5      0      0      0      0      0      0      0      0      0      0    126      0      0     67
    333      0    334      0    334     15    334    334      0      0    334    334      1      0  259.5      0  329.5      0    334      0      0    334    167    334      0      0     73    334   75.5      0  293.5      0      0      0      0      6     17      0    334    315    334    334
      0      0   10.5      0    0.5      0    314      2      0      0   27.5  297.5      0      0      0      0    0.5      0    243      0      0  332.5      0    167      0      0      0   81.5      0      0      0      0      0      0      0      0      0      0    330      0     66  328.5
    334    170    334    0.5    334    332    334    334   13.5      9    334    334  321.5   42.5    334    0.5    334    0.5    334    309      1    334    334    334    167      0    333    334  333.5      7    334    152  275.5      0   47.5  330.5  332.5    0.5    334    334    334    334
    334    334    334    319    334    334    334    334  333.5    334    334    334    334    334    334  329.5    334  292.5    334    334    329    334    334    334    334    167    334    334    334    333    334    334    334    131    334    334    334    235    334    334    334    334
  333.5    0.5    334      0    334     55    334    334      0      0    334    334   10.5      0    300      0  331.5      0    334    2.5      0    334    261    334      1      0    167    334  162.5      0  322.5      0    1.5      0      0     17     50      0    334    328    334    334
    2.5      0   38.5      0    6.5      0  329.5   15.5      0      0     73    321      0      0      0      0    0.5      0  302.5      0      0  333.5      0  252.5      0      0      0    167      0      0      0      0      0      0      0      0      0      0    334      0    157    334
    334      1    334      0    334   52.5    334    334      0      0    334    334      5      0    305      0    332      0    334      2      0    334  258.5    334    0.5      0  171.5    334    167      0    323    0.5    0.5      0      0   15.5     51      0    334  328.5    334    334
    334  329.5    334     23    334    334    334    334    183  178.5    334    334    334  287.5    334     59    334      5    334    334   49.5    334    334    334    327      1    334    334    334    167    334  325.5    333    0.5    289    334    334    1.5    334    334    334    334
    319      0  333.5      0    327      2    334    333      0      0    334    334      0      0  100.5      0    291      0    334      0      0    334   40.5    334      0      0   11.5    334     11      0    167      0      0      0      0      0      1      0    334  233.5    334    334
    334  176.5    334    0.5    334  333.5    334    334   16.5   11.5    334    334    321     54    334      1    334      0    334  312.5      1    334    334    334    182      0    334    334  333.5    8.5    334    167    277      0   65.5  331.5    334      0    334    334    334    334
    334     59    334      0    334    329    334    334      3      1    334    334  293.5      9    334      0    334      0    334  246.5      0    334    334    334   58.5      0  332.5    334  333.5      1    334     57    167      0   10.5    318    328      0    334    334    334    334
    334    334    334  325.5    334    334    334    334    334    334    334    334    334    334    334  329.5    334  303.5    334    334    330    334    334    334    334    203    334    334    334  333.5    334    334    334    167    334    334    334    264    334    334    334    334
    334    279    334      5    334    334    334    334   60.5     49    334    334  332.5  161.5    334   12.5    334      1    334  329.5      7    334    334    334  286.5      0    334    334    334     45    334  268.5  323.5      0    167  333.5    334    0.5    334    334    334    334
    334      3    334      0    334    261    334    334      0      0    334    334   89.5    0.5  333.5      0    334      0    334   40.5      0    334    328    334    3.5      0    317    334  318.5      0    334    2.5     16      0    0.5    167  254.5      0    334    334    334    334
    334    0.5    334      0    334  175.5    334    334      0      0    334    334   32.5      0  330.5      0    334      0    334   12.5      0    334    317    334    1.5      0    284    334    283      0    333      0      6      0      0   79.5    167      0    334  333.5    334    334
    334    334    334    299    334    334    334    334  332.5  332.5    334    334    334    334    334    321    334    248    334    334    325    334    334    334  333.5     99    334    334    334  332.5    334    334    334     70  333.5    334    334    167    334    334    334    334
      0      0      0      0      0      0     42      0      0      0      0     21      0      0      0      0      0      0      9      0      0    208      0      4      0      0      0      0      0      0      0      0      0      0      0      0      0      0    167      0      0  101.5
    293      0    332      0  316.5      0    334    328      0      0  332.5    334      0      0   46.5      0    251      0    334      0      0    334     19    334      0      0      6    334    5.5      0  100.5      0      0      0      0      0    0.5      0    334    167    334    334
    0.5      0   39.5      0    3.5      0    330     18      0      0     79    328      0      0      0      0      0      0  307.5      0      0    334      0    268      0      0      0    177      0      0      0      0      0      0      0      0      0      0    334      0    167  333.5
      0      0      0      0      0      0   82.5      0      0      0      0   39.5      0      0      0      0      0      0     16      0      0    267      0    5.5      0      0      0      0      0      0      0      0      0      0      0      0      0      0  232.5      0    0.5    167

COMPONENT 2
Central weak order
22 > {24 26 30 36} > 41 > 38 > 15 > 29 > {10 20 37} > 6 > {19 42} > 13 > 1 > 3 > 2 > 9 > 4 > {17 28} > {7 32} > 8 > {18 23} > 14 > 5 > 35 > {27 34} > {33 39} > 21 > 25 > 40 > {12 31} > 11 > 16
Weight
0.333
Pairwise count matrix
  166.5  285.5  242.5  326.5    333   13.5  331.5    333    314      2    333    333     85    333      0    333  330.5    333     34    0.5    333      0    333      0    333      0    333  330.5      1      0    333  332.5    333    333    333      0    0.5      0    333    333      0   33.5
   47.5  166.5     96  290.5    333      1  329.5  332.5  244.5      0    333    333     22    333      0    333    321  332.5      4      0    333      0    333      0    333      0    333    321      0      0    333  327.5    333    333    333      0      0      0    333    333      0      5
   90.5    237  166.5    316    333    5.5    332    333  284.5      1    333    333     43    333      0    333  329.5    333   13.5      0    333      0    333      0    333      0    333    327      0      0    333  332.5    333    333    333      0      1      0    333    333      0   14.5
    6.5   42.5     17  166.5    333      0  315.5  330.5   91.5      0    333    333    2.5  332.5      0    333    269  331.5      1      0    333      0    333      0    333      0    333  275.5      0      0    333    312    333    333    333      0      0      0    333    333      0    1.5
      0      0      0      0  166.5      0      2    5.5      0      0    333    333      0     83      0    333      0     26      0      0    332      0     30      0    333      0    303      1      0      0    333    0.5    325    300  229.5      0      0      0  329.5    333      0      0
  319.5    332  327.5    333    333  166.5    333    333  332.5   63.5    333    333    307    333      4    333    333    333    273   61.5    333      0    333      0    333      0    333    333     15      0    333    333    333    333    333      0     60      2    333    333      0    260
    1.5    3.5      1   17.5    331      0  166.5    265      7      0    333    333      0    323      0    333     54  305.5    0.5      0    333      0    315      0    333      0    332   58.5      0      0    333    163    333    333    332      0      0      0    333    333      0      0
      0    0.5      0    2.5  327.5      0     68  166.5    0.5      0    333    333      0    309      0    333     16    255      0      0    333      0    270      0    333      0    332   21.5      0      0    333   69.5  332.5    333    329      0      0      0    333    333      0      0
     19   88.5   48.5  241.5    333    0.5    326  332.5  166.5      0    333    333      7    333      0    333  308.5    333    1.5      0    333      0    333      0    333      0    333    303      0      0    333  323.5    333    333    333      0      0      0    333    333      0    1.5
    331    333    332    333    333  269.5    333    333    333  166.5    333    333    326    333     21    333    333    333    314    163    333      0    333      1    333      0    333    333     68    0.5    333    333    333    333    333      0  166.5     12    333    333    2.5  309.5
      0      0      0      0      0      0      0      0      0      0  166.5   74.5      0      0      0  211.5      0      0      0      0      4      0      0      0      7      0      0      0      0      0     61      0    0.5      0      0      0      0      0    1.5     20      0      0
      0      0      0      0      0      0      0      0      0      0  258.5  166.5      0      0      0  281.5      0      0      0      0      6      0      0      0   29.5      0    0.5      0      0      0    150      0    1.5      0      0      0      0      0    2.5     58      0      0
    248    311    290  330.5    333     26    333    333    326      7    333    333  166.5    333    0.5    333    333    333     86    4.5    333      0    333      0    333      0    333    332      2      0    333    333    333    333    333      0    3.5      0    333    333      0     74
      0      0      0    0.5    250      0     10     24      0      0    333    333      0  166.5      0    333    1.5     71      0      0    333      0     81      0    333      0  321.5      1      0      0    333      9  328.5  319.5  291.5      0      0      0    330    333      0      0
    333    333    333    333    333    329    333    333    333    312    333    333  332.5    333  166.5    333    333    333  332.5  304.5    333      4    333      8    333    5.5    333    333  244.5   10.5    333    333    333    333    333      7    302     75    333    333     39    331
      0      0      0      0      0      0      0      0      0      0  121.5   51.5      0      0      0  166.5      0      0      0      0    0.5      0      0      0    1.5      0      0      0      0      0   38.5      0      0      0      0      0      0      0    0.5     11      0      0
    2.5     12    3.5     64    333      0    279    317   24.5      0    333    333      0  331.5      0    333  166.5  326.5      0      0    333      0    331      0    333      0    333    163      0      0    333  270.5    333    333  332.5      0      0      0    333    333      0      0
      0    0.5      0    1.5    307      0   27.5     78      0      0    333    333      0    262      0    333    6.5  166.5      0      0    333      0    184      0    333      0    330    9.5      0      0    333     28    332    329    320      0      0      0    333    333      0      0
    299    329  319.5    332    333     60  332.5    333  331.5     19    333    333    247    333    0.5    333    333    333  166.5   18.5    333      0    333      0    333      0    333    333      5      0    333    333    333    333    333      0   20.5      0    333    333      0  164.5
  332.5    333    333    333    333  271.5    333    333    333    170    333    333  328.5    333   28.5    333    333    333  314.5  166.5    333      0    333      1    333    0.5    333    333   61.5      1    333    333    333    333    333      0    162     13    333    333    5.5    309
      0      0      0      0      1      0      0      0      0      0    329    327      0      0      0  332.5      0      0      0      0  166.5      0      0      0    249      0   12.5      0      0      0    322      0     73     16    1.5      0      0      0     61    293      0      0
    333    333    333    333    333    333    333    333    333    333    333    333    333    333    329    333    333    333    333    333    333  166.5    333  250.5    333  242.5    333    333    332  244.5    333    333    333    333    333  241.5  332.5  323.5    333    333    310    333
      0      0      0      0    303      0     18     63      0      0    333    333      0    252      0    333      2    149      0      0    333      0  166.5      0    333      0    331      5      0      0    333     20    331    331    316      0      0      0    333    333      0      0
    333    333    333    333    333    333    333    333    333    332    333    333    333    333    325    333    333    333    333    332    333   82.5    333  166.5    333    149    333    333  329.5    153    333    333    333    333    333    149    333  307.5    333    333  269.5    333
      0      0      0      0      0      0      0      0      0      0    326  303.5      0      0      0  331.5      0      0      0      0     84      0      0      0  166.5      0      6      0      0      0  295.5      0     33      8      2      0      0      0   21.5  240.5      0      0
    333    333    333    333    333    333    333    333    333    333    333    333    333    333  327.5    333    333    333    333  332.5    333   90.5    333    184    333  166.5    333    333  330.5    170    333    333    333    333    333  167.5    333    312    333    333    278    333
      0      0      0      0     30      0      1      1      0      0    333  332.5      0   11.5      0    333      0      3      0      0  320.5      0      2      0    327      0  166.5      0      0      0  332.5      0    277  165.5     70      0      0      0    268  329.5      0      0
    2.5     12      6   57.5    332      0  274.5  311.5     30      0    333    333      1    332      0    333    170  323.5      0      0    333      0    328      0    333      0    333  166.5      0      0    333    271    333    333    333      0      0      0    333    333      0    0.5
    332    333    333    333    333    318    333    333    333    265    333    333    331    333   88.5    333    333    333    328  271.5    333      1    333    3.5    333    2.5    333    333  166.5      4    333    333    333    333    333    3.5  264.5   43.5    333    333     21    327
    333    333    333    333    333    333    333    333    333  332.5    333    333    333    333  322.5    333    333    333    333    332    333   88.5    333    180    333    163    333    333    329  166.5    333    333    333    333    333  156.5    333  310.5    333    333  269.5    333
      0      0      0      0      0      0      0      0      0      0    272    183      0      0      0  294.5      0      0      0      0     11      0      0      0   37.5      0    0.5      0      0      0  166.5      0      5      0      0      0      0      0      3     76      0      0
    0.5    5.5    0.5     21  332.5      0    170  263.5    9.5      0    333    333      0    324      0    333   62.5    305      0      0    333      0    313      0    333      0    333     62      0      0    333  166.5    333    333    333      0      0      0    333    333      0      0
      0      0      0      0      8      0      0    0.5      0      0  332.5  331.5      0    4.5      0    333      0      1      0      0    260      0      2      0    300      0     56      0      0      0    328      0  166.5   52.5     11      0      0      0    152    316      0      0
      0      0      0      0     33      0      0      0      0      0    333    333      0   13.5      0    333      0      4      0      0    317      0      2      0    325      0  167.5      0      0      0    333      0  280.5  166.5     62      0      0      0    275    330      0      0
      0      0      0      0  103.5      0      1      4      0      0    333    333      0   41.5      0    333    0.5     13      0      0  331.5      0     17      0    331      0    263      0      0      0    333      0    322    271  166.5      0      0      0  323.5  332.5      0      0
    333    333    333    333    333    333    333    333    333    333    333    333    333    333    326    333    333    333    333    333    333   91.5    333    184    333  165.5    333    333  329.5  176.5    333    333    333    333    333  166.5    333    311    333    333    272    333
  332.5    333    332    333    333    273    333    333    333  166.5    333    333  329.5    333     31    333    333    333  312.5    171    333    0.5    333      0    333      0    333    333   68.5      0    333    333    333    333    333      0  166.5     12    333    333    5.5  311.5
    333    333    333    333    333    331    333    333    333    321    333    333    333    333    258    333    333    333    333    320    333    9.5    333   25.5    333     21    333    333  289.5   22.5    333    333    333    333    333     22    321  166.5    333    333   81.5  332.5
      0      0      0      0    3.5      0      0      0      0      0  331.5  330.5      0      3      0  332.5      0      0      0      0    272      0      0      0  311.5      0     65      0      0      0    330      0    181     58    9.5      0      0      0  166.5  316.5      0      0
      0      0      0      0      0      0      0      0      0      0    313    275      0      0      0    322      0      0      0      0     40      0      0      0   92.5      0    3.5      0      0      0    257      0     17      3    0.5      0      0      0   16.5  166.5      0      0
    333    333    333    333    333    333    333    333    333  330.5    333    333    333    333    294    333    333    333    333  327.5    333     23    333   63.5    333     55    333    333    312   63.5    333    333    333    333    333     61  327.5  251.5    333    333  166.5    333
  299.5    328  318.5  331.5    333     73    333    333  331.5   23.5    333    333    259    333      2    333    333    333  168.5     24    333      0    333      0    333      0    333  332.5      6      0    333    333    333    333    333      0   21.5    0.5    333    333      0  166.5

COMPONENT 3
Central weak order
{21 26} > 13 > 22 > {29 38} > 25 > {36 40} > {9 19 27 33 42} > 16 > 34 > 2 > 7 > 20 > 41 > {6 35 37} > 23 > {8 12 18} > 14 > {3 10} > 15 > {5 32} > {1 4} > {17 30} > 31 > 11 > 24 > {28 39}
Weight
0.333
Pairwise count matrix
  166.5      0      7    164   43.5      0      0      0      0    5.5    325    0.5      0      1     21      0    268    0.5      0      0      0      0      0  329.5      0      0      0    333      0  275.5  313.5   56.5      0      0      0      0      0      0    333      0      0      0
    333  166.5    333    333    333  326.5    250    333    5.5    333    333  332.5      0    333    333     39    333    333     10    295      0      0    333    333      0      0      9    333      0    333    333    333      7   91.5    329    1.5  329.5      0    333      0  318.5      8
    326      0  166.5  326.5  309.5    0.5      0   19.5      0  165.5    333     19      0     71    256      0    332     16      0      0      0      0    2.5    333      0      0      0    333      0  332.5  332.5    310      0      0      1      0      1      0    333      0      0      0
    169      0    6.5  166.5     47      0      0    0.5      0      4  323.5      1      0    1.5     22      0    264      1      0      0      0      0      0  329.5      0      0      0  332.5      0    272    312     54      0      0      0      0      0      0  332.5      0      0      0
  289.5      0   23.5    286  166.5      0      0      0      0   23.5  330.5    1.5      0    4.5   74.5      0    322      1      0      0      0      0      0  332.5      0      0      0  332.5      0  321.5  329.5    172      0      0      0      0      0      0    333      0      0      0
    333    6.5  332.5    333    333  166.5   14.5    311      0    332    333  317.5      0  328.5  332.5      2    333  315.5      0   29.5      0      0    273    333      0      0      0    333      0    333    333    333    0.5      3    171      0  167.5      0    333      0   58.5      0
    333     83    333    333    333  318.5  166.5    333      3    333    333    333      0    333    333   13.5    333    333      3  238.5      0      0  331.5    333      0      0      2    333      0    333    333    333      3     40    324      0    321      0    333      0    286    1.5
    333      0  313.5  332.5    333     22      0  166.5      0  309.5    333    180      0    264    328      0    333  170.5      0      2      0      0     68    333      0      0      0    333      0    333    333    333      0      0   22.5      0     23      0    333      0      5      0
    333  327.5    333    333    333    333    330    333  166.5    333    333    333      0    333    333    284    333    333    163  332.5      0    0.5    333    333    9.5      0    166    333    3.5    333    333    333    172    313    333     46    333      3    333     46  332.5  164.5
  327.5      0  167.5    329  309.5      1      0   23.5      0  166.5    333   20.5      0     64  250.5      0    332     24      0      0      0      0      4    333      0      0      0    333      0    333    333    311      0      0    0.5      0      0      0    333      0      0      0
      8      0      0    9.5    2.5      0      0      0      0      0  166.5      0      0      0      0      0   30.5      0      0      0      0      0      0  240.5      0      0      0    293      0   41.5   95.5    2.5      0      0      0      0      0      0    294      0      0      0
  332.5    0.5    314    332  331.5   15.5      0    153      0  312.5    333  166.5      0  265.5    328      0    333  143.5      0    1.5      0      0   54.5    333      0      0      0    333      0    333    333  331.5      0      0     15      0     16      0    333      0      4      0
    333    333    333    333    333    333    333    333    333    333    333    333  166.5    333    333    333    333    333    333    333   76.5    249    333    333  325.5     87    333    333  302.5    333    333    333    333    333    333  332.5    333  304.5    333    329    333    333
    332      0    262  331.5  328.5    4.5      0     69      0    269    333   67.5      0  166.5  304.5      0    333     66      0      0      0      0   11.5    333      0      0      0    333      0    333    333  328.5      0      0    2.5      0      4      0    333      0    0.5      0
    312      0     77    311  258.5    0.5      0      5      0   82.5    333      5      0   28.5  166.5      0    327      4      0      0      0      0      0    333      0      0      0    333      0    329    332    264      0      0      0      0      0      0    333      0      0      0
    333    294    333    333    333    331  319.5    333     49    333    333    333      0    333    333  166.5    333    333   52.5  327.5      0      0    333    333      0      0     50    333      0    333    333    333     51    249  332.5   10.5    333      0    333      7    329   52.5
     65      0      1     69     11      0      0      0      0      1  302.5      0      0      0      6      0  166.5      0      0      0      0      0      0    320      0      0      0  325.5      0    176  261.5   13.5      0      0      0      0      0      0    330      0      0      0
  332.5      0    317    332    332   17.5      0  162.5      0    309    333  189.5      0    267    329      0    333  166.5      0    0.5      0      0     61    333      0      0      0    333      0    333    333  332.5      0      0     16      0     18      0    333      0      2      0
    333    323    333    333    333    333    330    333    170    333    333    333      0    333    333  280.5    333    333  166.5  330.5      0    0.5    333    333    8.5      0    163    333    1.5    333    333    333    167    315    333   42.5    333    1.5    333     46  332.5    164
    333     38    333    333    333  303.5   94.5    331    0.5    333    333  331.5      0    333    333    5.5    333  332.5    2.5  166.5      0      0  327.5    333      0      0    0.5    333      0    333    333    333    1.5   16.5  304.5      0    309      0    333      0  240.5      2
    333    333    333    333    333    333    333    333    333    333    333    333  256.5    333    333    333    333    333    333    333  166.5  296.5    333    333  329.5  172.5  332.5    333    321    333    333    333    333    333    333    333    333  322.5    333  332.5    333    333
    333    333    333    333    333    333    333    333  332.5    333    333    333     84    333    333    333    333    333  332.5    333   36.5  166.5    333    333    307   39.5  332.5    333    261    333    333    333  331.5    333    333  326.5    333    268    333  327.5    333  331.5
    333      0  330.5    333    333     60    1.5    265      0    329    333  278.5      0  321.5    333      0    333    272      0    5.5      0      0  166.5    333      0      0      0    333      0    333    333    333      0      1   63.5      0     62      0    333      0     14      0
    3.5      0      0    3.5    0.5      0      0      0      0      0   92.5      0      0      0      0      0     13      0      0      0      0      0      0  166.5      0      0      0    243      0   19.5     47      0      0      0      0      0      0      0    246      0      0      0
    333    333    333    333    333    333    333    333  323.5    333    333    333    7.5    333    333    333    333    333  324.5    333    3.5     26    333    333  166.5      2    323    333     87    333    333    333    324    333    333  267.5    333     77    333    265    333  323.5
    333    333    333    333    333    333    333    333    333    333    333    333    246    333    333    333    333    333    333    333  160.5  293.5    333    333    331  166.5    333    333    319    333    333    333    333    333    333  332.5    333  320.5    333  332.5    333    333
    333    324    333    333    333    333    331    333    167    333    333    333      0    333    333    283    333    333    170  332.5    0.5    0.5    333    333     10      0  166.5    333      5    333    333    333    174    315    333     48    333    3.5    333   47.5  332.5  171.5
      0      0      0    0.5    0.5      0      0      0      0      0     40      0      0      0      0      0    7.5      0      0      0      0      0      0     90      0      0      0  166.5      0      6     14      0      0      0      0      0      0      0  171.5      0      0      0
    333    333    333    333    333    333    333    333  329.5    333    333    333   30.5    333    333    333    333    333  331.5    333     12     72    333    333    246     14    328    333  166.5    333    333    333    331    333    333    304    333    168    333    306    333  328.5
   57.5      0    0.5     61   11.5      0      0      0      0      0  291.5      0      0      0      4      0    157      0      0      0      0      0      0  313.5      0      0      0    327      0  166.5  251.5      9      0      0      0      0      0      0  327.5      0      0      0
   19.5      0    0.5     21    3.5      0      0      0      0      0  237.5      0      0      0      1      0   71.5      0      0      0      0      0      0    286      0      0      0    319      0   81.5  166.5      3      0      0      0      0      0      0  313.5      0      0      0
  276.5      0     23    279    161      0      0      0      0     22  330.5    1.5      0    4.5     69      0  319.5    0.5      0      0      0      0      0    333      0      0      0    333      0    324    330  166.5      0      0      0      0      0      0    333      0      0      0
    333    326    333    333    333  332.5    330    333    161    333    333    333      0    333    333    282    333    333    166  331.5      0    1.5    333    333      9      0    159    333      2    333    333    333  166.5    311    333   39.5    333    1.5    333   41.5    333  160.5
    333  241.5    333    333    333    330    293    333     20    333    333    333      0    333    333     84    333    333     18  316.5      0      0    332    333      0      0     18    333      0    333    333    333     22  166.5    329    1.5  329.5      0    333    0.5  323.5   16.5
    333      4    332    333    333    162      9  310.5      0  332.5    333    318      0  330.5    333    0.5    333    317      0   28.5      0      0  269.5    333      0      0      0    333      0    333    333    333      0      4  166.5      0  164.5      0    333      0   51.5      0
    333  331.5    333    333    333    333    333    333    287    333    333    333    0.5    333    333  322.5    333    333  290.5    333      0    6.5    333    333   65.5    0.5    285    333     29    333    333    333  293.5  331.5    333  166.5    333   26.5    333    169    333    288
    333    3.5    332    333    333  165.5     12    310      0    333    333    317      0    329    333      0    333    315      0     24      0      0    271    333      0      0      0    333      0    333    333    333      0    3.5  168.5      0  166.5      0    333      0   54.5      0
    333    333    333    333    333    333    333    333    330    333    333    333   28.5    333    333    333    333    333  331.5    333   10.5     65    333    333    256   12.5  329.5    333    165    333    333    333  331.5    333    333  306.5    333  166.5    333  311.5    333  331.5
      0      0      0    0.5      0      0      0      0      0      0     39      0      0      0      0      0      3      0      0      0      0      0      0     87      0      0      0  161.5      0    5.5   19.5      0      0      0      0      0      0      0  166.5      0      0      0
    333    333    333    333    333    333    333    333    287    333    333    333      4    333    333    326    333    333    287    333    0.5    5.5    333    333     68    0.5  285.5    333     27    333    333    333  291.5  332.5    333    164    333   21.5    333  166.5    333    290
    333   14.5    333    333    333  274.5     47    328    0.5    333    333    329      0  332.5    333      4    333    331    0.5   92.5      0      0    319    333      0      0    0.5    333      0    333    333    333      0    9.5  281.5      0  278.5      0    333      0  166.5      0
    333    325    333    333    333    333  331.5    333  168.5    333    333    333      0    333    333  280.5    333    333    169    331      0    1.5    333    333    9.5      0  161.5    333    4.5    333    333    333  172.5  316.5    333     45    333    1.5    333     43    333  166.5

