COMPONENT 1
Central weak order
6 > 7 > 8 > 28 > 25 > 9 > 29 > {17 30} > 22 > 21 > 18 > 3 > 27 > 2 > {16 24} > {12 19} > 26 > {4 14} > 20 > 23 > {10 15} > 1 > 5 > {11 13}
Weight
0.533
Pairwise count matrix
  266.5      0      0    2.5    430      0      0      0      0     96  497.5      0    492      2   84.5      0      0      0      0    9.5      0      0     26      0      0      0      0      0      0      0
    533  266.5   45.5    533    533      0      0      0      0    533    533  520.5    533    533    533  447.5      1     15    518    533      5    0.5    533    449      0  527.5  127.5      0      0    0.5
    533  487.5  266.5    533    533      0      0      0      0    533    533    532    533    533    533    523      3  122.5    531    533     40   12.5    533    526      0    532    411      0    0.5    2.5
  530.5      0      0  266.5  532.5      0      0      0      0    525    533     26    533  265.5  526.5    2.5      0      0     18    441      0      0    501      2      0   81.5      0      0      0      0
    103      0      0    0.5  266.5      0      0      0      0     28    415      0    418    0.5   24.5      0      0      0      0      2      0      0      3      0      0      0      0      0      0      0
    533    533    533    533    533  266.5  365.5  472.5  531.5    533    533    533    533    533    533    533    533    533    533    533    533    533    533    533    529    533    533    510    533    533
    533    533    533    533    533  167.5  266.5  408.5    527    533    533    533    533    533    533    533  532.5    533    533    533    533    533    533    533    517    533    533    483  531.5    533
    533    533    533    533    533   60.5  124.5  266.5    513    533    533    533    533    533    533    533    532    533    533    533    533    533    533    533  485.5    533    533  398.5  529.5    533
    533    533    533    533    533    1.5      6     20  266.5    533    533    533    533    533    533    533  508.5    533    533    533    532    525    533    533  136.5    533    533   48.5  424.5    503
    437      0      0      8    505      0      0      0      0  266.5  524.5      0  525.5      7    252      0      0      0    0.5   36.5      0      0     92      0      0      1      0      0      0      0
   35.5      0      0      0    118      0      0      0      0    8.5  266.5      0  266.5      0    6.5      0      0      0      0      0      0      0      1      0      0      0      0      0      0      0
    533   12.5      1    507    533      0      0      0      0    533    533  266.5    533    509    533     78      0      0  259.5  526.5      0      0    532     69      0    419    2.5      0      0      0
     41      0      0      0    115      0      0      0      0    7.5  266.5      0  266.5      0      8      0      0      0      0      0      0      0    1.5      0      0      0      0      0      0      0
    531      0      0  267.5  532.5      0      0      0      0    526    533     24    533  266.5  526.5      4      0      0     27    437      0      0    498      1      0   85.5      0      0      0      0
  448.5      0      0    6.5  508.5      0      0      0      0    281  526.5      0    525    6.5  266.5      0      0      0    0.5     47      0      0  100.5      0      0      1      0      0      0      0
    533   85.5     10  530.5    533      0      0      0      0    533    533    455    533    529    533  266.5    0.5    1.5  456.5    532    0.5      0  532.5  261.5      0    508   30.5      0      0      0
    533    532    530    533    533      0    0.5      1   24.5    533    533    533    533    533    533  532.5  266.5  520.5    533    533    498  430.5    533  532.5      9    533    532      3     87    253
    533    518  410.5    533    533      0      0      0      0    533    533    533    533    533    533  531.5   12.5  266.5  532.5    533    118   39.5    533    532      0    533  489.5      0    2.5   11.5
    533     15      2    515    533      0      0      0      0  532.5    533  273.5    533    506  532.5   76.5      0    0.5  266.5  528.5      0      0    530   70.5      0    422      4      0      0      0
  523.5      0      0     92    531      0      0      0      0  496.5    533    6.5    533     96    486      1      0      0    4.5  266.5      0      0  402.5    0.5      0   18.5      0      0      0      0
    533    528    493    533    533      0      0      0      1    533    533    533    533    533    533  532.5     35    415    533    533  266.5    101    533    533      0    533  519.5      0    3.5   24.5
    533  532.5  520.5    533    533      0      0      0      8    533    533    533    533    533    533    533  102.5  493.5    533    533    432  266.5    533    533      2    533    529      1   24.5   99.5
    507      0      0     32    530      0      0      0      0    441    532      1  531.5     35  432.5    0.5      0      0      3  130.5      0      0  266.5      0      0    5.5      0      0      0      0
    533     84      7    531    533      0      0      0      0    533    533    464    533    532    533  271.5    0.5      1  462.5  532.5      0      0    533  266.5      0    512   27.5      0      0      0
    533    533    533    533    533      4     16   47.5  396.5    533    533    533    533    533    533    533    524    533    533    533    533    531    533    533  266.5    533    533    112    487  523.5
    533    5.5      1  451.5    533      0      0      0      0    532    533    114    533  447.5    532     25      0      0    111  514.5      0      0  527.5     21      0  266.5    2.5      0      0      0
    533  405.5    122    533    533      0      0      0      0    533    533  530.5    533    533    533  502.5      1   43.5    529    533   13.5      4    533  505.5      0  530.5  266.5      0      0      1
    533    533    533    533    533     23     50  134.5  484.5    533    533    533    533    533    533    533    530    533    533    533    533    532    533    533    421    533    533  266.5  519.5    529
    533    533  532.5    533    533      0    1.5    3.5  108.5    533    533    533    533    533    533    533    446  530.5    533    533  529.5  508.5    533    533     46    533    533   13.5  266.5  440.5
    533  532.5  530.5    533    533      0      0      0     30    533    533    533    533    533    533    533    280  521.5    533    533  508.5  433.5    533    533    9.5    533    532      4   92.5  266.5

COMPONENT 2
Central weak order
25 > 6 > 17 > 7 > 13 > 2 > 8 > {5 9 22} > 20 > 10 > {16 30} > 29 > 1 > 27 > 4 > 11 > 19 > {12 15} > 18 > 26 > 24 > 21 > {3 23} > 28 > 14
Weight
0.267
Pairwise count matrix
  133.5      0    267  250.5      0      0      0      0      1      2    262    266      0    267  266.5   17.5      0  266.5  266.5      2    267      0    267    267      0    267  210.5    267   69.5     15
    267  133.5    267    267    254      4   19.5  206.5    249  265.5    267    267     58    267    267    267      5    267    267  262.5    267  249.5    267    267      1    267    267    267    267    267
      0      0  133.5      0      0      0      0      0      0      0      0      0      0    241      0      0      0    0.5      0      0   48.5      0  137.5     18      0    5.5      0  221.5      0      0
   16.5      0    267  133.5      0      0      0      0      0      0  204.5    258      0    267    260      2      0  265.5  244.5    0.5    267      0    267    267      0  266.5   56.5    267    7.5    2.5
    267     13    267    267  133.5      0    0.5   40.5  129.5    254    267    267    3.5    267    267    264    0.5    267    267  227.5    267    128    267    267      0    267    267    267  266.5    267
    267    263    267    267    267  133.5    248  266.5    267    267    267    267    260    267    267    267  202.5    267    267    267    267    267    267    267     87    267    267    267    267    267
    267  247.5    267    267  266.5     19  133.5    260    265  266.5    267    267    214    267    267    267   73.5    267    267  266.5    267  265.5    267    267   12.5    267    267    267    267    267
    267   60.5    267    267  226.5    0.5      7  133.5  219.5    264    267    267     21    267    267  266.5      2    267    267    258    267    221    267    267      0    267    267    267  266.5    267
    266     18    267    267  137.5      0      2   47.5  133.5    249    267    267    4.5    267    267    263    0.5    267    267  227.5    267    138    267    267      0    267    267    267    266  264.5
    265    1.5    267    267     13      0    0.5      3     18  133.5    267    267    0.5    267    267  214.5      0    267    267     66    267     19    267    267      0    267    267    267    257    226
      5      0    267   62.5      0      0      0      0      0      0  133.5  246.5      0    267  246.5    0.5      0  262.5    204      0    267      0    267  266.5      0  265.5     21    267      2      0
      1      0    267      9      0      0      0      0      0      0   20.5  133.5      0    267    125      0      0  215.5   47.5      0  266.5      0  266.5  261.5      0  255.5    2.5    267      1    0.5
    267    209    267    267  263.5      7     53    246  262.5  266.5    267    267  133.5    267    267    267     25    267    267    266    267  261.5    267    267      3    267    267    267    267    267
      0      0     26      0      0      0      0      0      0      0      0      0      0  133.5      0      0      0      0      0      0     11      0     29    0.5      0    1.5      0     80      0      0
    0.5      0    267      7      0      0      0      0      0      0   20.5    142      0    267  133.5      0      0  227.5     46      0    267      0  266.5    264      0  256.5    0.5    267      1      0
  249.5      0    267    265      3      0      0    0.5      4   52.5  266.5    267      0    267    267  133.5      0    267    267     23    267    4.5    267    267      0    267  263.5    267    222  145.5
    267    262    267    267  266.5   64.5  193.5    265  266.5    267    267    267    242    267    267    267  133.5    267    267    267    267    266    267    267   35.5    267    267    267    267    267
    0.5      0  266.5    1.5      0      0      0      0      0      0    4.5   51.5      0    267   39.5      0      0  133.5    9.5      0  261.5      0  266.5    252      0  222.5      0    267      0      0
    0.5      0    267   22.5      0      0      0      0      0      0     63  219.5      0    267    221      0      0  257.5  133.5      0    267      0    267    266      0  264.5      5    267    0.5      0
    265    4.5    267  266.5   39.5      0    0.5      9   39.5    201    267    267      1    267    267    244      0    267    267  133.5    267   48.5    267    267      0    267  266.5    267  262.5    254
      0      0  218.5      0      0      0      0      0      0      0      0    0.5      0    256      0      0      0    5.5      0      0  133.5      0  219.5   60.5      0     29      0  251.5      0      0
    267   17.5    267    267    139      0    1.5     46    129    248    267    267    5.5    267    267  262.5      1    267    267  218.5    267  133.5    267    267      0    267    267    267  266.5  264.5
      0      0  129.5      0      0      0      0      0      0      0      0    0.5      0    238    0.5      0      0    0.5      0      0   47.5      0  133.5     19      0      5      0  214.5      0      0
      0      0    249      0      0      0      0      0      0      0    0.5    5.5      0  266.5      3      0      0     15      1      0  206.5      0    248  133.5      0   70.5      0    263      0      0
    267    266    267    267    267    180  254.5    267    267    267    267    267    264    267    267    267  231.5    267    267    267    267    267    267    267  133.5    267    267    267    267    267
      0      0  261.5    0.5      0      0      0      0      0      0    1.5   11.5      0  265.5   10.5      0      0   44.5    2.5      0    238      0    262  196.5      0  133.5      0    266      0      0
   56.5      0    267  210.5      0      0      0      0      0      0    246  264.5      0    267  266.5    3.5      0    267    262    0.5    267      0    267    267      0    267  133.5    267     27      5
      0      0   45.5      0      0      0      0      0      0      0      0      0      0    187      0      0      0      0      0      0   15.5      0   52.5      4      0      1      0  133.5      0      0
  197.5      0    267  259.5    0.5      0      0    0.5      1     10    265    266      0    267    266     45      0    267  266.5    4.5    267    0.5    267    267      0    267    240    267  133.5   46.5
    252      0    267  264.5      0      0      0      0    2.5     41    267  266.5      0    267    267  121.5      0    267    267     13    267    2.5    267    267      0    267    262    267  220.5  133.5

COMPONENT 3
Central weak order
6 > 1 > 26 > 3 > 22 > {9 28} > 25 > 13 > 11 > 4 > {8 23} > {5 14} > {20 21} > 18 > {2 7} > 27 > {29 30} > {15 16 24} > 17 > 19 > {10 12}
Weight
0.133
Pairwise count matrix
   66.5    133    120    133    133     42    133    133  132.5    133    133    133    133    133    133    133    133    133    133    133    133  131.5    133    133    133   98.5    133    132    133    133
      0   66.5      0      0    0.5      0   65.5      0      0    133      0    133      0      2  132.5    132    133   22.5    133   10.5    7.5      0      0    133      0      0  108.5      0  125.5  127.5
     13    133   66.5    133    133    6.5    133    133  126.5    133    133    133  131.5    133    133    133    133    133    133    133    133     99    133    133    131     27    133    123    133    133
      0    133      0   66.5  130.5      0    133    117      1    133   29.5    133   12.5    128    133    133    133    133    133  131.5  132.5      0  108.5    133    4.5      0    133      1    133    133
      0  132.5      0    2.5   66.5      0    133     18      0    133      1    133      0   71.5    133    133    133    128    133  116.5    113      0   15.5    133      0      0    133      0    133    133
     91    133  126.5    133    133   66.5    133    133    133    133    133    133    133    133    133    133    133    133    133    133    133  131.5    133    133    133    110    133    133    133    133
      0   67.5      0      0      0      0   66.5      0      0    133      0    133      0      1  131.5  131.5    133   19.5    133    4.5      4      0      0    133      0      0  109.5      0    128    127
      0    133      0     16    115      0    133   66.5      0    133      5    133    0.5  115.5    133    133    133    132    133  126.5    126      0     60    133      1      0    133      0    133    133
    0.5    133    6.5    132    133      0    133    133   66.5    133  131.5    133  122.5    133    133    133    133    133    133    133    133   19.5  132.5    133    108      2    133   60.5    133    133
      0      0      0      0      0      0      0      0      0   66.5      0     68      0      0      2      2   14.5      0     25      0      0      0      0      3      0      0      0      0    0.5      0
      0    133      0  103.5    132      0    133    128    1.5    133   66.5    133   29.5  131.5    133    133    133    133    133    133    133      0    126    133    9.5      0    133      3    133    133
      0      0      0      0      0      0      0      0      0     65      0   66.5      0      0    2.5    2.5     12      0     25      0      0      0      0      1      0      0      0      0      0      0
      0    133    1.5  120.5    133      0    133  132.5   10.5    133  103.5    133   66.5    133    133    133    133    133    133    133    133      1    129    133   25.5      0    133      8    133    133
      0    131      0      5   61.5      0    132   17.5      0    133    1.5    133      0   66.5    133    133    133  128.5    133    114    107      0   16.5    133      0      0    133      0    133    133
      0    0.5      0      0      0      0    1.5      0      0    131      0  130.5      0      0   66.5     68  109.5    0.5    125      0      0      0      0   69.5      0      0    5.5      0   15.5     14
      0      1      0      0      0      0    1.5      0      0    131      0  130.5      0      0     65   66.5    108      0    125      0      0      0      0   71.5      0      0      5      0     17     14
      0      0      0      0      0      0      0      0      0  118.5      0    121      0      0   23.5     25   66.5      0     99      0      0      0      0   26.5      0      0      0      0      3    4.5
      0  110.5      0      0      5      0  113.5      1      0    133      0    133      0    4.5  132.5    133    133   66.5    133   25.5   21.5      0      1    133      0      0  127.5      0  132.5  132.5
      0      0      0      0      0      0      0      0      0    108      0    108      0      0      8      8     34      0   66.5      0      0      0      0      6      0      0      0      0      1      1
      0  122.5      0    1.5   16.5      0  128.5    6.5      0    133      0    133      0     19    133    133    133  107.5    133   66.5     62      0      7    133      0      0    131      0    132  131.5
      0  125.5      0    0.5     20      0    129      7      0    133      0    133      0     26    133    133    133  111.5    133     71   66.5      0    4.5    133      0      0    133      0    133    133
    1.5    133     34    133    133    1.5    133    133  113.5    133    133    133    132    133    133    133    133    133    133    133    133   66.5    133    133    128   10.5    133  111.5    133    133
      0    133      0   24.5  117.5      0    133     73    0.5    133      7    133      4  116.5    133    133    133    132    133    126  128.5      0   66.5    133    1.5      0    133    0.5    133    133
      0      0      0      0      0      0      0      0      0    130      0    132      0      0   63.5   61.5  106.5      0    127      0      0      0      0   66.5      0      0      4      0   12.5     12
      0    133      2  128.5    133      0    133    132     25    133  123.5    133  107.5    133    133    133    133    133    133    133    133      5  131.5    133   66.5    0.5    133     22    133    133
   34.5    133    106    133    133     23    133    133    131    133    133    133    133    133    133    133    133    133    133    133    133  122.5    133    133  132.5   66.5    133    131    133    133
      0   24.5      0      0      0      0   23.5      0      0    133      0    133      0      0  127.5    128    133    5.5    133      2      0      0      0    129      0      0   66.5      0  107.5  107.5
      1    133     10    132    133      0    133    133   72.5    133    130    133    125    133    133    133    133    133    133    133    133   21.5  132.5    133    111      2    133   66.5    133    133
      0    7.5      0      0      0      0      5      0      0  132.5      0    133      0      0  117.5    116    130    0.5    132      1      0      0      0  120.5      0      0   25.5      0   66.5   62.5
      0    5.5      0      0      0      0      6      0      0    133      0    133      0      0    119    119  128.5    0.5    132    1.5      0      0      0    121      0      0   25.5      0   70.5   66.5

COMPONENT 4
Central weak order
30 > 8 > 6 > 4 > 24 > 27 > {9 25} > {16 17} > 19 > 21 > 29 > 12 > 2 > 11 > 5 > 14 > {23 28} > 20 > {13 15 26} > 10 > {1 22} > 3 > {7 18}
Weight
0.067
Pairwise count matrix
   33.5      0   54.5      0      0      0     62      0      0   11.5      0      0      2      0    1.5      0      0   63.5      0      0      0     30      0      0      0    1.5      0      0      0      0
     67   33.5     67      0   61.5      0     67      0      0     67   48.5   13.5     67   64.5     67      0      0     67      0     67      2     67   66.5      0      0     67      0     65      5      0
   12.5      0   33.5      0      0      0   53.5      0      0    3.5      0      0      0      0    0.5      0      0     49      0      0      0   10.5      0      0      0    0.5      0      0      0      0
     67     67     67   33.5     67     12     67    5.5   66.5     67     67     67     67     67     67     67     67     67     67     67     67     67     67   45.5     66     67     60     67     67    2.5
     67    5.5     67      0   33.5      0     67      0      0     67   12.5    2.5     67   46.5     67      0      0     67      0   65.5    0.5     67   61.5      0      0   66.5      0   59.5    1.5      0
     67     67     67     55     67   33.5     67     14   66.5     67     67     67     67     67     67     67     67     67     67     67     67     67     67     61     67     67   65.5     67     67    7.5
      5      0   13.5      0      0      0   33.5      0      0      2      0      0      0      0      0      0      0   31.5      0      0      0      3      0      0      0      0      0      0      0      0
     67     67     67   61.5     67     53     67   33.5     67     67     67     67     67     67     67     67     67     67     67     67     67     67     67   64.5     67     67     67     67     67     25
     67     67     67    0.5     67    0.5     67      0   33.5     67     67     67     67     67     67     58   58.5     67     65     67   66.5     67     67    2.5     27     67     12     67     67      0
   55.5      0   63.5      0      0      0     65      0      0   33.5      0      0   11.5      0      9      0      0   65.5      0      3      0     55    0.5      0      0     10      0      0      0      0
     67   18.5     67      0   54.5      0     67      0      0     67   33.5    8.5     67   57.5     67      0      0     67      0     67    0.5     67     65      0      0     66      0   63.5      3      0
     67   53.5     67      0   64.5      0     67      0      0     67   58.5   33.5     67   66.5     67      0    0.5     67      2     67      6     67     67      0      0     67      0     67   11.5      0
     65      0     67      0      0      0     67      0      0   55.5      0      0   33.5      0   30.5      0      0     67      0     16      0     65    2.5      0      0     32      0    3.5      0      0
     67    2.5     67      0   20.5      0     67      0      0     67    9.5    0.5     67   33.5     67      0      0     67      0   65.5      0     67     58      0      0   66.5      0   54.5      1      0
   65.5      0   66.5      0      0      0     67      0      0     58      0      0   36.5      0   33.5      0      0     67      0     17      0     65      3      0      0   32.5      0    2.5      0      0
     67     67     67      0     67      0     67      0      9     67     67     67     67     67     67   33.5   38.5     67     58     67     66     67     67      0      6     67    2.5     67   65.5      0
     67     67     67      0     67      0     67      0    8.5     67     67   66.5     67     67     67   28.5   33.5     67     54     67   64.5     67     67      0      8     67      1     67     65      0
    3.5      0     18      0      0      0   35.5      0      0    1.5      0      0      0      0      0      0      0   33.5      0      0      0      2      0      0      0      0      0      0      0      0
     67     67     67      0     67      0     67      0      2     67     67     65     67     67     67      9     13     67   33.5     67     56     67     67      0    1.5     67    0.5     67   61.5      0
     67      0     67      0    1.5      0     67      0      0     64      0      0     51    1.5     50      0      0     67      0   33.5      0     65    7.5      0      0   49.5      0    9.5      0      0
     67     65     67      0   66.5      0     67      0    0.5     67   66.5     61     67     67     67      1    2.5     67     11     67   33.5     67     67      0      0     67      0     67   48.5      0
     37      0   56.5      0      0      0     64      0      0     12      0      0      2      0      2      0      0     65      0      2      0   33.5      0      0      0    1.5      0      0      0      0
     67    0.5     67      0    5.5      0     67      0      0   66.5      2      0   64.5      9     64      0      0     67      0   59.5      0     67   33.5      0      0     64      0   28.5    0.5      0
     67     67     67   21.5     67      6     67    2.5   64.5     67     67     67     67     67     67     67     67     67     67     67     67     67     67   33.5   64.5     67     53     67     67    1.5
     67     67     67      1     67      0     67      0     40     67     67     67     67     67     67     61     59     67   65.5     67     67     67     67    2.5   33.5     67   14.5     67     67      0
   65.5      0   66.5      0    0.5      0     67      0      0     57      1      0     35    0.5   34.5      0      0     67      0   17.5      0   65.5      3      0      0   33.5      0    2.5      0      0
     67     67     67      7     67    1.5     67      0     55     67     67     67     67     67     67   64.5     66     67   66.5     67     67     67     67     14   52.5     67   33.5     67     67      1
     67      2     67      0    7.5      0     67      0      0     67    3.5      0   63.5   12.5   64.5      0      0     67      0   57.5      0     67   38.5      0      0   64.5      0   33.5      0      0
     67     62     67      0   65.5      0     67      0      0     67     64   55.5     67     66     67    1.5      2     67    5.5     67   18.5     67   66.5      0      0     67      0     67   33.5      0
     67     67     67   64.5     67   59.5     67     42     67     67     67     67     67     67     67     67     67     67     67     67     67     67     67   65.5     67     67     66     67     67   33.5

