COMPONENT 1
Central weak order
{9 28} > 22 > 36 > 35 > 5 > 18 > 17 > 3 > 4 > 25 > {10 13 15 16} > 19 > 7 > {2 21 23} > 11 > 27 > 1 > 8 > {6 20} > 26 > 12 > 14 > 34 > 30 > 31 > {24 29} > 32 > 33
Weight
0.533
Pairwise count matrix
  266.5     11      0      0      0  499.5      4    406      0      0   53.5  530.5      0    532      0      0      0      0      0    488   10.5      0     11    533      0  525.5    132      0    533    533    533    533    533  532.5      0      0
    522  266.5      0      0      0    532     98    530      0      3  421.5    533    5.5    533    9.5      4      0      0   31.5  531.5    254      0  257.5    533    1.5    533  486.5      0    533    533    533    533    533    533      0      0
    533    533  266.5    402   20.5    533    533    533      0    518    533    533    519    533    519    520    140   49.5  531.5    533    533      0    533    533    484    533    533      0    533    533    533    533    533    533    4.5    0.5
    533    533    131  266.5    6.5    533    532    533      0  496.5    533    533    499    533  496.5    499     57     19    529    533    533      0    532    533  408.5    533    533      0    533    533    533    533    533    533    0.5      0
    533    533  512.5  526.5  266.5    533    533    533      8    531    533    533    533    533  530.5  531.5  482.5  403.5    533    533    533     14    533    533  529.5    533    533    7.5    533    533    533    533    533    533    143   59.5
   33.5      1      0      0      0  266.5      0     98      0      0    3.5  489.5      0    521      0      0      0      0      0  266.5      0      0    1.5    533      0    434     10      0    533    531  532.5    533    533    529      0      0
    529    435      0      1      0    533  266.5    532      0     29  503.5    533   33.5    533     42     33      0      0    124    533    431      0    424    533      6    533    520      0    533    533    533    533    533    533      0      0
    127      3      0      0      0    435      1  266.5      0      0     18  523.5      0  532.5      0      0      0      0      0  428.5    1.5      0    4.5    533      0    507   47.5      0    533    533    533    533    533    533      0      0
    533    533    533    533    525    533    533    533  266.5    533    533    533    533    533    533    533    533  530.5    533    533    533  391.5    533    533    533    533    533  262.5    533    533    533    533    533    533    513  475.5
    533    530     15   36.5      2    533    504    533      0  266.5  531.5    533  265.5    533    278    272      7      2    449    533    524      0  529.5    533     99    533    533      0    533    533    533    533    533    533      0      0
  479.5  111.5      0      0      0  529.5   29.5    515      0    1.5  266.5  532.5      0    533      3      2      0      0    8.5  528.5  106.5      0  108.5    533      0  532.5  398.5      0    533    533    533    533    533    533      0      0
    2.5      0      0      0      0   43.5      0    9.5      0      0    0.5  266.5      0  399.5      0      0      0      0      0     43      0      0      0    531      0  123.5    0.5      0  531.5  510.5    524    533    533    471      0      0
    533  527.5     14     34      0    533  499.5    533      0  267.5    533    533  266.5    533    273  265.5    3.5    0.5  455.5    533    522      0    524    533     90    533  532.5      0    533    533    533    533    533    533      0      0
      1      0      0      0      0     12      0    0.5      0      0      0  133.5      0  266.5      0      0      0      0      0     10      0      0      0  530.5      0     53      0      0  527.5  474.5    514  532.5    533  380.5      0      0
    533  523.5     14   36.5    2.5    533    491    533      0    255    530    533    260    533  266.5  269.5    4.5      1  448.5    533    523      0  523.5    533     92    533    532      0    533    533    533    533    533    533      0      0
    533    529     13     34    1.5    533    500    533      0    261    531    533  267.5    533  263.5  266.5    6.5    0.5    452    533  526.5      0    525    533   95.5    533    533      0    533    533    533    533    533    533      0      0
    533    533    393    476   50.5    533    533    533      0    526    533    533  529.5    533  528.5  526.5  266.5    118  532.5    533    533    2.5    533    533    517    533    533      0    533    533    533    533    533    533   19.5      8
    533    533  483.5    514  129.5    533    533    533    2.5    531    533    533  532.5    533    532  532.5    415  266.5    533    533    533      6    533    533  528.5    533    533      2    533    533    533    533    533    533   58.5   22.5
    533  501.5    1.5      4      0    533    409    533      0     84  524.5    533   77.5    533   84.5     81    0.5      0  266.5    533  488.5      0  491.5    533   16.5    533  530.5      0    533    533    533    533    533    533      0      0
     45    1.5      0      0      0  266.5      0  104.5      0      0    4.5    490      0    523      0      0      0      0      0  266.5      1      0      0    533      0  433.5   18.5      0    533  532.5    532    533    533  529.5      0      0
  522.5    279      0      0      0    533    102  531.5      0      9  426.5    533     11    533     10    6.5      0      0   44.5    532  266.5      0    260    533      1    533  489.5      0    533    533    533    533    533    533      0      0
    533    533    533    533    519    533    533    533  141.5    533    533    533    533    533    533    533  530.5    527    533    533    533  266.5    533    533    533    533    533  133.5    533    533    533    533    533    533    493  418.5
    522  275.5      0      1      0  531.5    109  528.5      0    3.5  424.5    533      9    533    9.5      8      0      0   41.5    533    273      0  266.5    533      0    533  492.5      0    533    533    533    533    533    533      0      0
      0      0      0      0      0      0      0      0      0      0      0      2      0    2.5      0      0      0      0      0      0      0      0      0  266.5      0      0      0      0    266     41  117.5    434  468.5     17      0      0
    533  531.5     49  124.5    3.5    533    527    533      0    434    533    533    443    533    441  437.5     16    4.5  516.5    533    532      0    533    533  266.5    533    533      0    533    533    533    533    533    533    0.5      0
    7.5      0      0      0      0     99      0     26      0      0    0.5  409.5      0    480      0      0      0      0      0   99.5      0      0      0    533      0  266.5    2.5      0    533  523.5    530    533    533    517      0      0
    401   46.5      0      0      0    523     13  485.5      0      0  134.5  532.5    0.5    533      1      0      0      0    2.5  514.5   43.5      0   40.5    533      0  530.5  266.5      0    533    533    533    533    533  532.5      0      0
    533    533    533    533  525.5    533    533    533  270.5    533    533    533    533    533    533    533    533    531    533    533    533  399.5    533    533    533    533    533  266.5    533    533    533    533    533    533  516.5  469.5
      0      0      0      0      0      0      0      0      0      0      0    1.5      0    5.5      0      0      0      0      0      0      0      0      0    267      0      0      0      0  266.5   37.5    115  422.5    472   13.5      0      0
      0      0      0      0      0      2      0      0      0      0      0   22.5      0   58.5      0      0      0      0      0    0.5      0      0      0    492      0    9.5      0      0  495.5  266.5    413  528.5    531  127.5      0      0
      0      0      0      0      0    0.5      0      0      0      0      0      9      0     19      0      0      0      0      0      1      0      0      0  415.5      0      3      0      0    418    120  266.5  502.5  513.5     50      0      0
      0      0      0      0      0      0      0      0      0      0      0      0      0    0.5      0      0      0      0      0      0      0      0      0     99      0      0      0      0  110.5    4.5   30.5  266.5    344    2.5      0      0
      0      0      0      0      0      0      0      0      0      0      0      0      0      0      0      0      0      0      0      0      0      0      0   64.5      0      0      0      0     61      2   19.5    189  266.5      1      0      0
    0.5      0      0      0      0      4      0      0      0      0      0     62      0  152.5      0      0      0      0      0    3.5      0      0      0    516      0     16    0.5      0  519.5  405.5    483  530.5    532  266.5      0      0
    533    533  528.5  532.5    390    533    533    533     20    533    533    533    533    533    533    533  513.5  474.5    533    533    533     40    533    533  532.5    533    533   16.5    533    533    533    533    533    533  266.5  128.5
    533    533  532.5    533  473.5    533    533    533   57.5    533    533    533    533    533    533    533    525  510.5    533    533    533  114.5    533    533    533    533    533   63.5    533    533    533    533    533    533  404.5  266.5

COMPONENT 2
Central weak order
4 > 28 > 10 > 31 > 17 > 6 > {11 33 36} > {1 23} > 19 > 5 > 3 > 26 > 27 > 15 > 32 > 18 > 34 > 8 > 7 > 9 > 12 > 2 > 25 > 35 > 22 > 30 > 16 > 24 > {14 20} > {13 29} > 21
Weight
0.267
Pairwise count matrix
  133.5    267    262      0  254.5    8.5    267    267    267    0.5   34.5    267    267    267    267    267      2    267    226    267    267    267  139.5    267    267  265.5    267      0    267    267      2    267     43    267    267   40.5
      0  133.5      0      0      0      0      7    3.5     23      0      0     61    267    267      0    264      0      0      0    267    267    258      0    266    199      0      0      0    267    263      0      0      0      0    240      0
      5    267  133.5      0     74      0    267    267    267      0      0    267    267    267  256.5    267      0    267   27.5    267    267    267    4.5    267    267  196.5    242      0    267    267      0    262      0    267    267    0.5
    267    267    267  133.5    267  266.5    267    267    267  220.5    267    267    267    267    267    267    260    267    267    267    267    267    267    267    267    267    267    177    267    267  248.5    267    266    267    267    266
   12.5    267    193      0  133.5    0.5    267    267    267      0    1.5    267    267    267  263.5    267      0    267     57    267    267    267   12.5    267    267    240    255      0    267    267      0    266    2.5    267    267      3
  258.5    267    267    0.5  266.5  133.5    267    267    267    6.5    212    267    267    267    267    267     58    267    264    267    267    267  256.5    267    267  266.5    267    2.5    267    267   19.5    267  215.5    267    267  212.5
      0    260      0      0      0      0  133.5     73    200      0      0  236.5    267    267      2    267      0     15      0    267    267    267      0    267  262.5      0    0.5      0    267    266      0    2.5      0     28  265.5      0
      0  263.5      0      0      0      0    194  133.5  235.5      0      0  258.5    267    267    4.5    267      0     30      0    267    267  266.5      0    267    265      0      1      0    267    267      0     11      0     58    267      0
      0    244      0      0      0      0     67   31.5  133.5      0      0    203    267    267      0    267      0      3      0    267    267    265      0    267    259      0      0      0    267    267      0    0.5      0    8.5    267      0
  266.5    267    267   46.5    267  260.5    267    267    267  133.5    265    267    267    267    267    267  240.5    267    267    267    267    267  266.5    267    267    267    267   75.5    267    267  205.5    267  266.5    267    267    264
  232.5    267    267      0  265.5     55    267    267    267      2  133.5    267    267    267    267    267     19    267  257.5    267    267    267  235.5    267    267    266    267      0    267    267    6.5    267  139.5    267    267    140
      0    206      0      0      0      0   30.5    8.5     64      0      0  133.5    267    267    0.5    267      0      0      0    267    267    265      0    267  239.5      0      0      0    267    266      0      0      0    2.5    259      0
      0      0      0      0      0      0      0      0      0      0      0      0  133.5   43.5      0    3.5      0      0      0   41.5  188.5      0      0     12      0      0      0      0    132      0      0      0      0      0      0      0
      0      0      0      0      0      0      0      0      0      0      0      0  223.5  133.5      0   22.5      0      0      0    127    251      0      0     47      0      0      0      0  234.5      3      0      0      0      0      0      0
      0    267   10.5      0    3.5      0    265  262.5    267      0      0  266.5    267    267  133.5    267      0    241    0.5    267    267    267      0    267    267   27.5   65.5      0    267    267      0  197.5      0  251.5    267      0
      0      3      0      0      0      0      0      0      0      0      0      0  263.5  244.5      0  133.5      0      0      0  249.5    267   32.5      0    195      5      0      0      0  266.5     75      0      0      0      0     11      0
    265    267    267      7    267    209    267    267    267   26.5    248    267    267    267    267    267  133.5    267    267    267    267    267    266    267    267    267    267      9    267    267   66.5    267  249.5    267    267  253.5
      0    267      0      0      0      0    252    237    264      0      0    267    267    267     26    267      0  133.5      0    267    267    267      0    267    267    0.5    9.5      0    267    267      0   59.5      0  185.5    267      0
     41    267  239.5      0    210      3    267    267    267      0    9.5    267    267    267  266.5    267      0    267  133.5    267    267    267   44.5    267    267    258  263.5      0    267    267      0    267      9    267    267     11
      0      0      0      0      0      0      0      0      0      0      0      0  225.5    140      0   17.5      0      0      0  133.5  249.5      0      0     52      0      0      0      0  227.5      3      0      0      0      0    0.5      0
      0      0      0      0      0      0      0      0      0      0      0      0   78.5     16      0      0      0      0      0   17.5  133.5      0      0    3.5      0      0      0      0     71      0      0      0      0      0      0      0
      0      9      0      0      0      0      0    0.5      2      0      0      2    267    267      0  234.5      0      0      0    267    267  133.5      0    256     32      0      0      0    267  199.5      0      0      0      0     69      0
  127.5    267  262.5      0  254.5   10.5    267    267    267    0.5   31.5    267    267    267    267    267      1    267  222.5    267    267    267  133.5    267    267    265  266.5    0.5    267    267      1    267     39    267    267     45
      0      1      0      0      0      0      0      0      0      0      0      0    255    220      0     72      0      0      0    215  263.5     11      0  133.5    0.5      0      0      0  261.5   28.5      0      0      0      0      2      0
      0     68      0      0      0      0    4.5      2      8      0      0   27.5    267    267      0    262      0      0      0    267    267    235      0  266.5  133.5      0      0      0    267    257      0      0      0    0.5    206      0
    1.5    267   70.5      0     27    0.5    267    267    267      0      1    267    267    267  239.5    267      0  266.5      9    267    267    267      2    267    267  133.5    210      0    267    267      0    261      0    266    267      1
      0    267     25      0     12      0  266.5    266    267      0      0    267    267    267  201.5    267      0  257.5    3.5    267    267    267    0.5    267    267     57  133.5      0    267    267      0    242      0  260.5    267      0
    267    267    267     90    267  264.5    267    267    267  191.5    267    267    267    267    267    267    258    267    267    267    267    267  266.5    267    267    267    267  133.5    267    267  238.5    267  266.5    267    267  266.5
      0      0      0      0      0      0      0      0      0      0      0      0    135   32.5      0    0.5      0      0      0   39.5    196      0      0    5.5      0      0      0      0  133.5      0      0      0      0      0      0      0
      0      4      0      0      0      0      1      0      0      0      0      1    267    264      0    192      0      0      0    264    267   67.5      0  238.5     10      0      0      0    267  133.5      0      0      0      0     25      0
    265    267    267   18.5    267  247.5    267    267    267   61.5  260.5    267    267    267    267    267  200.5    267    267    267    267    267    266    267    267    267    267   28.5    267    267  133.5    267    261    267    267  260.5
      0    267      5      0      1      0  264.5    256  266.5      0      0    267    267    267   69.5    267      0  207.5      0    267    267    267      0    267    267      6     25      0    267    267      0  133.5      0  229.5    267      0
    224    267    267      1  264.5   51.5    267    267    267    0.5  127.5    267    267    267    267    267   17.5    267    258    267    267    267    228    267    267    267    267    0.5    267    267      6    267  133.5    267    267  133.5
      0    267      0      0      0      0    239    209  258.5      0      0  264.5    267    267   15.5    267      0   81.5      0    267    267    267      0    267  266.5      1    6.5      0    267    267      0   37.5      0  133.5    267      0
      0     27      0      0      0      0    1.5      0      0      0      0      8    267    267      0    256      0      0      0  266.5    267    198      0    265     61      0      0      0    267    242      0      0      0      0  133.5      0
  226.5    267  266.5      1    264   54.5    267    267    267      3    127    267    267    267    267    267   13.5    267    256    267    267    267    222    267    267    266    267    0.5    267    267    6.5    267  133.5    267    267  133.5

COMPONENT 3
Central weak order
{6 13 30} > 32 > 18 > 20 > 9 > 17 > {26 29} > 10 > 25 > 35 > {22 27} > {16 34} > 36 > {7 8 19} > {5 14} > 24 > 2 > 1 > 23 > 21 > 3 > {4 12 31} > 11 > 28 > 33 > 15
Weight
0.133
Pairwise count matrix
   66.5     31  127.5  131.5    3.5      0      1    0.5      0      0    133  132.5      0    4.5    133      0      0      0      0      0    119      0    102   12.5      0      0      0    133      0      0    132      0    133      0      0    0.5
    102   66.5    133    133     10      0    0.5      2      0      0    133    133      0   15.5    133      0      0      0    1.5      0    130      0  124.5     31      0      0      0    133      0      0    132      0    133      0      0      0
    5.5      0   66.5  104.5      0      0      0      0      0      0  120.5    109      0      0    133      0      0      0      0      0     32      0     16    0.5      0      0      0  130.5      0      0  113.5      0    132      0      0      0
    1.5      0   28.5   66.5      0      0      0      0      0      0    109   69.5      0      0    133      0      0      0      0      0     11      0    4.5      0      0      0      0  126.5      0      0   73.5      0    132      0      0      0
  129.5    123    133    133   66.5      0     17     16      0      0    133    133      0   66.5    133      2      0      0     18      0  132.5    0.5  131.5    104      0      0      0    133      0      0    133      0    133      2      0    6.5
    133    133    133    133    133   66.5    133    133    132    133    133    133     69    133    133    133    133  119.5    133  131.5    133    133    133    133    133    133    133    133    133   68.5    133  109.5    133    133    133    133
    132  132.5    133    133    116      0   66.5   57.5      0      0    133    133      0  117.5    133      6      0      0     59      0    133    1.5    133    130      0      0      2    133      0      0    133      0    133    6.5    1.5     28
  132.5    131    133    133    117      0   75.5   66.5      0      0    133    133      0    118    133    6.5      0      0     74      0    133    0.5    133    128      0      0      1    133      0      0    133      0    133    6.5      0     26
    133    133    133    133    133      1    133    133   66.5    131    133    133      2    133    133    133    100   11.5    133     36    133    133    133    133    131    123    133    133  120.5      1    133      4    133    133    133    133
    133    133    133    133    133      0    133    133      2   66.5    133    133      0    133    133  132.5    6.5    0.5    133    0.5    133  128.5    133    133    101   29.5    128    133   25.5      0    133      0    133  131.5  113.5    133
      0      0   12.5     24      0      0      0      0      0      0   66.5   23.5      0      0    127      0      0      0      0      0      4      0    1.5      0      0      0      0   98.5      0      0     29      0    122      0      0      0
    0.5      0     24   63.5      0      0      0      0      0      0  109.5   66.5      0      0    133      0      0      0      0      0    7.5      0      3      0      0      0      0    126      0      0     67      0  131.5      0      0      0
    133    133    133    133    133     64    133    133    131    133    133    133   66.5    133    133    133    133    118    133  131.5    133    133    133    133    133    133    133    133    133     64    133  102.5    133    133    133    133
  128.5  117.5    133    133   66.5      0   15.5     15      0      0    133    133      0   66.5    133    1.5      0      0     17      0  131.5      0  132.5  105.5      0      0      0    133      0      0    133      0    133    1.5      0      7
      0      0      0      0      0      0      0      0      0      0      6      0      0      0   66.5      0      0      0      0      0      0      0      0      0      0      0      0   19.5      0      0    1.5      0     48      0      0      0
    133    133    133    133    131      0    127  126.5      0    0.5    133    133      0  131.5    133   66.5      0      0    128      0    133   21.5    133    133      4    0.5     22    133    0.5      0    133      0    133   71.5      8  112.5
    133    133    133    133    133      0    133    133     33  126.5    133    133      0    133    133    133   66.5    3.5    133     12    133    133    133    133  131.5  107.5    133    133    104      0    133      0    133    133    131    133
    133    133    133    133    133   13.5    133    133  121.5  132.5    133    133     15    133    133    133  129.5   66.5    133  109.5    133    133    133    133    133    132    133    133  130.5   14.5    133   36.5    133    133    133    133
    133  131.5    133    133    115      0     74     59      0      0    133    133      0    116    133      5      0      0   66.5      0    133      0    133  127.5      0      0      1    133      0      0    133      0    133    7.5      0     25
    133    133    133    133    133    1.5    133    133     97  132.5    133    133    1.5    133    133    133    121   23.5    133   66.5    133    133    133    133  132.5  127.5    133    133  128.5    1.5    133     10    133    133    133    133
     14      3    101    122    0.5      0      0      0      0      0    129  125.5      0    1.5    133      0      0      0      0      0   66.5      0     35    2.5      0      0      0  132.5      0      0  123.5      0    133      0      0      0
    133    133    133    133  132.5      0  131.5  132.5      0    4.5    133    133      0    133    133  111.5      0      0    133      0    133   66.5    133    133      9    0.5     65    133      2      0    133      0    133    114   24.5  130.5
     31    8.5    117  128.5    1.5      0      0      0      0      0  131.5    130      0    0.5    133      0      0      0      0      0     98      0   66.5    5.5      0      0      0    133      0      0    131      0    133      0      0      0
  120.5    102  132.5    133     29      0      3      5      0      0    133    133      0   27.5    133      0      0      0    5.5      0  130.5      0  127.5   66.5      0      0      0    133      0      0  132.5      0    133      0      0      1
    133    133    133    133    133      0    133    133      2     32    133    133      0    133    133    129    1.5      0    133    0.5    133    124    133    133   66.5     15  120.5    133    8.5      0    133      0    133  130.5   95.5  131.5
    133    133    133    133    133      0    133    133     10  103.5    133    133      0    133    133  132.5   25.5      1    133    5.5    133  132.5    133    133    118   66.5    132    133     61      0    133    0.5    133    133  126.5    133
    133    133    133    133    133      0    131    132      0      5    133    133      0    133    133    111      0      0    132      0    133     68    133    133   12.5      1   66.5    133      0      0    133      0    133  114.5   25.5  127.5
      0      0    2.5    6.5      0      0      0      0      0      0   34.5      7      0      0  113.5      0      0      0      0      0    0.5      0      0      0      0      0      0   66.5      0      0   10.5      0    100      0      0      0
    133    133    133    133    133      0    133    133   12.5  107.5    133    133      0    133    133  132.5     29    2.5    133    4.5    133    131    133    133  124.5     72    133    133   66.5      0    133      0    133    133  130.5    133
    133    133    133    133    133   64.5    133    133    132    133    133    133     69    133    133    133    133  118.5    133  131.5    133    133    133    133    133    133    133    133    133   66.5    133    108    133    133    133    133
      1      1   19.5   59.5      0      0      0      0      0      0    104     66      0      0  131.5      0      0      0      0      0    9.5      0      2    0.5      0      0      0  122.5      0      0   66.5      0    129      0      0      0
    133    133    133    133    133   23.5    133    133    129    133    133    133   30.5    133    133    133    133   96.5    133    123    133    133    133    133    133  132.5    133    133    133     25    133   66.5    133    133    133    133
      0      0      1      1      0      0      0      0      0      0     11    1.5      0      0     85      0      0      0      0      0      0      0      0      0      0      0      0     33      0      0      4      0   66.5      0      0      0
    133    133    133    133    131      0  126.5  126.5      0    1.5    133    133      0  131.5    133   61.5      0      0  125.5      0    133     19    133    133    2.5      0   18.5    133      0      0    133      0    133   66.5    6.5    106
    133    133    133    133    133      0  131.5    133      0   19.5    133    133      0    133    133    125      2      0    133      0    133  108.5    133    133   37.5    6.5  107.5    133    2.5      0    133      0    133  126.5   66.5    132
  132.5    133    133    133  126.5      0    105    107      0      0    133    133      0    126    133   20.5      0      0    108      0    133    2.5    133    132    1.5      0    5.5    133      0      0    133      0    133     27      1   66.5

COMPONENT 4
Central weak order
{14 20 34} > 22 > 10 > 26 > 21 > {4 16} > 36 > 25 > 32 > 15 > {1 6 28} > 18 > 12 > {5 11} > 35 > 24 > 2 > 23 > 30 > 29 > 17 > {8 27} > 3 > 7 > 19 > 9 > 31 > 33 > 13
Weight
0.067
Pairwise count matrix
   33.5     67     67    0.5   66.5     34     67     67     67      0   64.5   64.5     67      0     13      0     67     56     67      0      0      0     67     67    2.5      0     67     31     67     67     67      5     67      0     67    0.5
      0   33.5     67      0      3      0     67     67     67      0    1.5    0.5     67      0      0      0     67    0.5     67      0      0      0     49   20.5      0      0     67      0   62.5     58     67      0     67      0      6      0
      0      0   33.5      0      0      0   46.5   11.5     64      0      0      0     67      0      0      0    4.5      0   58.5      0      0      0      0      0      0      0     12      0      1      0     66      0     67      0      0      0
   66.5     67     67   33.5     67   66.5     67     67     67    3.5     67     67     67      1   66.5   36.5     67     67     67    0.5   11.5    1.5     67     67     63    5.5     67     67     67     67     67     63     67    0.5     67   52.5
    0.5     64     67      0   33.5    2.5     67     67     67      0     35   14.5     67      0      0      0     67      8     67      0      0      0   66.5   61.5      0      0     67      1     67     67     67      0     67      0     54      0
     33     67     67    0.5   64.5   33.5     67     67     67      0     65   60.5     67      0     16    1.5     67   54.5     67      0      0      0     67     67      3      0     67     33     67     67     67    4.5     67      0     67      1
      0      0   20.5      0      0      0   33.5    5.5   59.5      0      0      0     67      0      0      0      1      0   50.5      0      0      0      0      0      0      0      6      0      0      0     65      0     66      0      0      0
      0      0   55.5      0      0      0   61.5   33.5   65.5      0      0      0     67      0      0      0   13.5      0     64      0      0      0      0      0      0      0     36      0    4.5    2.5     67      0     67      0      0      0
      0      0      3      0      0      0    7.5    1.5   33.5      0      0      0     64      0      0      0      0      0     17      0      0      0      0      0      0      0      0      0      0      0   52.5      0   62.5      0      0      0
     67     67     67   63.5     67     67     67     67     67   33.5     67     67     67      8     67     64     67     67     67      5   61.5   18.5     67     67     67     50     67     67     67     67     67     67     67      4     67     67
    2.5   65.5     67      0     32      2     67     67     67      0   33.5     15     67      0      0      0     67      6     67      0      0      0     65     63      0      0     67      1     67     66     67      0     67      0   56.5      0
    2.5   66.5     67      0   52.5    6.5     67     67     67      0     52   33.5     67      0    0.5      0     67   15.5     67      0      0      0     67     66      0      0     67      4     67     67     67      0     67      0   63.5      0
      0      0      0      0      0      0      0      0      3      0      0      0   33.5      0      0      0      0      0    1.5      0      0      0      0      0      0      0      0      0      0      0   12.5      0   22.5      0      0      0
     67     67     67     66     67     67     67     67     67     59     67     67     67   33.5     67     67     67     67     67     34   66.5   49.5     67     67     67   64.5     67     67     67     67     67     67     67     29     67     67
     54     67     67    0.5     67     51     67     67     67      0     67   66.5     67      0   33.5      2     67   65.5     67      0      0      0     67     67      7      0     67     54     67     67     67   17.5     67      0     67      2
     67     67     67   30.5     67   65.5     67     67     67      3     67     67     67      0     65   33.5     67     67     67    0.5     11    0.5     67     67   60.5    5.5     67     67     67     67     67   62.5     67      0     67     52
      0      0   62.5      0      0      0     66   53.5     67      0      0      0     67      0      0      0   33.5      0   66.5      0      0      0    2.5      0      0      0   52.5      0     17    8.5     67      0     67      0      0      0
     11   66.5     67      0     59   12.5     67     67     67      0     61   51.5     67      0    1.5      0     67   33.5     67      0      0      0     67     67      1      0     67    8.5     67     67     67      0     67      0     65      0
      0      0    8.5      0      0      0   16.5      3     50      0      0      0   65.5      0      0      0    0.5      0   33.5      0      0      0      0      0      0      0      2      0      0      0   60.5      0     64      0      0      0
     67     67     67   66.5     67     67     67     67     67     62     67     67     67     33     67   66.5     67     67     67   33.5     66     53     67     67     67     65     67     67     67     67     67     67     67     30     67     67
     67     67     67   55.5     67     67     67     67     67    5.5     67     67     67    0.5     67     56     67     67     67      1   33.5    1.5     67     67   66.5   14.5     67     67     67     67     67     67     67      0     67     65
     67     67     67   65.5     67     67     67     67     67   48.5     67     67     67   17.5     67   66.5     67     67     67     14   65.5   33.5     67     67     67   61.5     67     67     67     67     67     67     67   12.5     67     67
      0     18     67      0    0.5      0     67     67     67      0      2      0     67      0      0      0   64.5      0     67      0      0      0   33.5   11.5      0      0     65      0     58     45     67      0     67      0      3      0
      0   46.5     67      0    5.5      0     67     67     67      0      4      1     67      0      0      0     67      0     67      0      0      0   55.5   33.5      0      0     67      0   66.5     63     67      0     67      0     17      0
   64.5     67     67      4     67     64     67     67     67      0     67     67     67      0     60    6.5     67     66     67      0    0.5      0     67     67   33.5      0     67   65.5     67     67     67     46     67      0     67   14.5
     67     67     67   61.5     67     67     67     67     67     17     67     67     67    2.5     67   61.5     67     67     67      2   52.5    5.5     67     67     67   33.5     67     67     67     67     67     67     67      1     67     67
      0      0     55      0      0      0     61     31     67      0      0      0     67      0      0      0   14.5      0     65      0      0      0      2      0      0      0   33.5      0      7    2.5   66.5      0     67      0      0      0
     36     67     67      0     66     34     67     67     67      0     66     63     67      0     13      0     67   58.5     67      0      0      0     67     67    1.5      0     67   33.5     67     67     67    3.5     67      0   66.5    0.5
      0    4.5     66      0      0      0     67   62.5     67      0      0      0     67      0      0      0     50      0     67      0      0      0      9    0.5      0      0     60      0   33.5     16     67      0     67      0      1      0
      0      9     67      0      0      0     67   64.5     67      0      1      0     67      0      0      0   58.5      0     67      0      0      0     22      4      0      0   64.5      0     51   33.5     67      0     67      0      2      0
      0      0      1      0      0      0      2      0   14.5      0      0      0   54.5      0      0      0      0      0    6.5      0      0      0      0      0      0      0    0.5      0      0      0   33.5      0     47      0      0      0
     62     67     67      4     67   62.5     67     67     67      0     67     67     67      0   49.5    4.5     67     67     67      0      0      0     67     67     21      0     67   63.5     67     67     67   33.5     67      0     67    6.5
      0      0      0      0      0      0      1      0    4.5      0      0      0   44.5      0      0      0      0      0      3      0      0      0      0      0      0      0      0      0      0      0     20      0   33.5      0      0      0
     67     67     67   66.5     67     67     67     67     67     63     67     67     67     38     67     67     67     67     67     37     67   54.5     67     67     67     66     67     67     67     67     67     67     67   33.5     67     67
      0     61     67      0     13      0     67     67     67      0   10.5    3.5     67      0      0      0     67      2     67      0      0      0     64     50      0      0     67    0.5     66     65     67      0     67      0   33.5      0
   66.5     67     67   14.5     67     66     67     67     67      0     67     67     67      0     65     15     67     67     67      0      2      0     67     67   52.5      0     67   66.5     67     67     67   60.5     67      0     67   33.5

