COMPONENT 1
Central weak order
10 > 23 > 13 > {11 15 29} > {14 26} > 12 > 24 > 30 > 7 > 28 > 16 > 5 > 27 > 22 > 9 > {20 25} > 4 > 17 > 19 > 21 > {1 2 8} > 3 > 18 > 6
Weight
0.334
Pairwise count matrix
    167  169.5    275    2.5      0  321.5      0    166      0      0      0      0      0      0      0      0      4  311.5   15.5      1     52      0      0      0    0.5      0      0      0      0      0
  164.5    167  271.5      3      0  324.5      0  166.5      0      0      0      0      0      0      0      0    3.5  317.5   14.5    0.5   42.5      0      0      0    0.5      0      0      0      0      0
     59   62.5    167      0      0  296.5      0     60      0      0      0      0      0      0      0      0      0  265.5      5      0   11.5      0      0      0      0      0      0      0      0      0
  331.5    331    334    167      2    334      0    331     12      0      0      0      0      0      0      0    252    334  303.5   59.5    324    5.5      0      0   65.5      0      0      0      0      0
    334    334    334    332    167    334   11.5    334  324.5      0      0      0      0    0.5      0     79    334    334    334    332    334    303      0      1    332      0    253     29      0      3
   12.5    9.5   37.5      0      0    167      0      9      0      0      0      0      0      0      0      0      0  107.5      0      0      0      0      0      0      0      0      0      0      0      0
    334    334    334    334  322.5    334    167    334  333.5      0      0      7      0      2      0    303    334    334    334    334    334    334      0     23  333.5    2.5  327.5  254.5      0     77
    168  167.5    274      3      0    325      0    167      0      0      0      0      0      0      0      0    1.5  316.5   18.5      0   50.5      0      0      0      0      0      0      0      0      0
    334    334    334    322    9.5    334    0.5    334    167      0      0      0      0      0      0      3  331.5    334  333.5    274    334   64.5      0      0  276.5      0     26    1.5      0      0
    334    334    334    334    334    334    334    334    334    167  330.5    334  286.5    333    326    334    334    334    334    334    334    334  226.5    334    334    333    334    334  324.5    334
    334    334    334    334    334    334    334    334    334    3.5    167  325.5     55  292.5    160    334    334    334    334    334    334    334     18  331.5    334  290.5    334    334  150.5    334
    334    334    334    334    334    334    327    334    334      0    8.5    167    0.5   57.5      6  333.5    334    334    334    334    334    334      0    273    334   53.5    334  331.5    7.5  311.5
    334    334    334    334    334    334    334    334    334   47.5    279  333.5    167    326  279.5    334    334    334    334    334    334    334   78.5    334    334    327    334    334  278.5    334
    334    334    334    334  333.5    334    332    334    334      1   41.5  276.5      8    167     25    334    334    334    334    334    334    334    2.5  319.5    334  161.5    334  333.5   34.5  328.5
    334    334    334    334    334    334    334    334    334      8    174    328   54.5    309    167    334    334    334    334    334    334    334   22.5    333    334  300.5    334    334    161    334
    334    334    334    334    255    334     31    334    331      0      0    0.5      0      0      0    167    334    334    334    333    334  323.5      0      4  333.5      1  296.5     84      0     11
    330  330.5    334     82      0    334      0  332.5    2.5      0      0      0      0      0      0      0    167    334  258.5     21  314.5    3.5      0      0   24.5      0      0      0      0      0
   22.5   16.5   68.5      0      0  226.5      0   17.5      0      0      0      0      0      0      0      0      0    167      1      0    1.5      0      0      0      0      0      0      0      0      0
  318.5  319.5    329   30.5      0    334      0  315.5    0.5      0      0      0      0      0      0      0   75.5    333    167    5.5    263    0.5      0      0    7.5      0      0      0      0      0
    333  333.5    334  274.5      2    334      0    334     60      0      0      0      0      0      0      1    313    334  328.5    167    334   19.5      0      0    174      0      8      0      0      0
    282  291.5  322.5     10      0    334      0  283.5      0      0      0      0      0      0      0      0   19.5  332.5     71      0    167      0      0      0    3.5      0      0      0      0      0
    334    334    334  328.5     31    334      0    334  269.5      0      0      0      0      0      0   10.5  330.5    334  333.5  314.5    334    167      0      0    312      0   77.5    1.5      0      0
    334    334    334    334    334    334    334    334    334  107.5    316    334  255.5  331.5  311.5    334    334    334    334    334    334    334    167    334    334  332.5    334    334  312.5    334
    334    334    334    334    333    334    311    334    334      0    2.5     61      0   14.5      1    330    334    334    334    334    334    334      0    167    334   10.5  333.5  325.5    1.5    253
  333.5  333.5    334  268.5      2    334    0.5    334   57.5      0      0      0      0      0      0    0.5  309.5    334  326.5    160  330.5     22      0      0    167      0    6.5      1      0      0
    334    334    334    334    334    334  331.5    334    334      1   43.5  280.5      7  172.5   33.5    333    334    334    334    334    334    334    1.5  323.5    334    167    334  333.5     34  331.5
    334    334    334    334     81    334    6.5    334    308      0      0      0      0      0      0   37.5    334    334    334    326    334  256.5      0    0.5  327.5      0    167   11.5      0      1
    334    334    334    334    305    334   79.5    334  332.5      0      0    2.5      0    0.5      0    250    334    334    334    334    334  332.5      0    8.5    333    0.5  322.5    167      0   32.5
    334    334    334    334    334    334    334    334    334    9.5  183.5  326.5   55.5  299.5    173    334    334    334    334    334    334    334   21.5  332.5    334    300    334    334    167    333
    334    334    334    334    331    334    257    334    334      0      0   22.5      0    5.5      0    323    334    334    334    334    334    334      0     81    334    2.5    333  301.5      1    167

COMPONENT 2
Central weak order
29 > 30 > 27 > {10 19 28} > {11 21} > 12 > 7 > {9 25} > 18 > 15 > {6 13 16 20} > 5 > 26 > 3 > {4 8} > 14 > 24 > 2 > 17 > 22 > 23 > 1
Weight
0.333
Pairwise count matrix
  166.5    2.5      0      0      0      0      0      0      0      0      0      0      0      0      0      0   16.5      0      0      0      0   47.5  102.5      1      0      0      0      0      0      0
  330.5  166.5      2      5      0      0      0    6.5      0      0      0      0      0   26.5      0      0    263      0      0      0      0  306.5    323     80      0      0      0      0      0      0
    333    331  166.5    278   25.5      4      0    269      0      0      0      0    3.5  315.5      1      4    333      0      0      3      0    333    333  328.5      0     75      0      0      0      0
    333    328     55  166.5      7    1.5      0    168      0      0      0      0    0.5  279.5    0.5      0    333      0      0      1      0    332    333    318      0   22.5      0      0      0      0
    333    333  307.5    326  166.5     47      0  325.5    1.5      0      0      0   53.5  331.5      9     54    333      4      0   56.5      0    333    333    333      0  269.5      0      0      0      0
    333    333    329  331.5    286  166.5    0.5    332      7      0      0      0  167.5    333   53.5    165    333   19.5      0    177      0    333    333    333      4    320      0      0      0      0
    333    333    333    333    333  332.5  166.5    333  280.5      3   22.5     76    333    333    330    333    333  320.5    2.5    333     18    333    333    333  276.5    333      0    1.5      0      0
    333  326.5     64    165    7.5      1      0  166.5      0      0      0      0      1    278    0.5    0.5  329.5      0      0    0.5      0  332.5    333    313      0   23.5      0      0      0      0
    333    333    333    333  331.5    326   52.5    333  166.5      0    2.5     12  328.5    333  307.5    328    333    264      0    329      2    333    333    333    158    333      0      0      0      0
    333    333    333    333    333    333    330    333    333  166.5    304    326    333    333    333    333    333    333  168.5    333  297.5    333    333    333  332.5    333   54.5    173     13     19
    333    333    333    333    333    333  310.5    333  330.5     29  166.5  274.5    333    333    333    333    333  332.5   31.5    333  149.5    333    333    333  326.5    333    5.5     30    0.5      1
    333    333    333    333    333    333    257    333    321      7   58.5  166.5    333    333  332.5    333    333    327     10    333   49.5    333    333    333  304.5    333      1      9      0      0
    333    333  329.5  332.5  279.5  165.5      0    332    4.5      0      0      0  166.5    333     46    171    333   16.5      0  171.5      0    333    333    333      2    322      0      0      0      0
    333  306.5   17.5   53.5    1.5      0      0     55      0      0      0      0      0  166.5      0    0.5  328.5      0      0      0      0    331    333    259      0    3.5      0      0      0      0
    333    333    332  332.5    324  279.5      3  332.5   25.5      0      0    0.5    287    333  166.5    285    333   72.5      0  291.5      0    333    333    333     22  330.5      0      0      0      0
    333    333    329    333    279    168      0  332.5      5      0      0      0    162  332.5     48  166.5    333     16      0    175      0    333    333    333      5    319      0      0      0      0
  316.5     70      0      0      0      0      0    3.5      0      0      0      0      0    4.5      0      0  166.5      0      0      0      0    249    305   22.5      0      0      0      0      0      0
    333    333    333    333    329  313.5   12.5    333     69      0    0.5      6  316.5    333  260.5    317    333  166.5      0  322.5    0.5    333    333    333   60.5    333      0      0      0      0
    333    333    333    333    333    333  330.5    333    333  164.5  301.5    323    333    333    333    333    333    333  166.5    333    296    333    333    333    332    333   50.5    169      9   14.5
    333    333    330    332  276.5    156      0  332.5      4      0      0      0  161.5    333   41.5    158    333   10.5      0  166.5      0    333    333    333    0.5  319.5      0      0      0      0
    333    333    333    333    333    333    315    333    331   35.5  183.5  283.5    333    333    333    333    333  332.5     37    333  166.5    333    333    333    327    333      8     39    2.5      2
  285.5   26.5      0      1      0      0      0    0.5      0      0      0      0      0      2      0      0     84      0      0      0      0  166.5  248.5    9.5      0      0      0      0      0      0
  230.5     10      0      0      0      0      0      0      0      0      0      0      0      0      0      0     28      0      0      0      0   84.5  166.5      1      0      0      0      0      0      0
    332    253    4.5     15      0      0      0     20      0      0      0      0      0     74      0      0  310.5      0      0      0      0  323.5    332  166.5      0      1      0      0      0      0
    333    333    333    333    333    329   56.5    333    175    0.5    6.5   28.5    331    333    311    328    333  272.5      1  332.5      6    333    333    333  166.5    333      0    0.5      0      0
    333    333    258  310.5   63.5     13      0  309.5      0      0      0      0     11  329.5    2.5     14    333      0      0   13.5      0    333    333    332      0  166.5      0      0      0      0
    333    333    333    333    333    333    333    333    333  278.5  327.5    332    333    333    333    333    333    333  282.5    333    325    333    333    333    333    333  166.5  280.5   46.5     68
    333    333    333    333    333    333  331.5    333    333    160    303    324    333    333    333    333    333    333    164    333    294    333    333    333  332.5    333   52.5  166.5    7.5     13
    333    333    333    333    333    333    333    333    333    320  332.5    333    333    333    333    333    333    333    324    333  330.5    333    333    333    333    333  286.5  325.5  166.5  218.5
    333    333    333    333    333    333    333    333    333    314    332    333    333    333    333    333    333    333  318.5    333    331    333    333    333    333    333    265    320  114.5  166.5

COMPONENT 3
Central weak order
16 > 13 > 14 > 1 > 28 > 21 > 9 > {10 20} > 15 > 2 > {4 6} > 29 > {12 18} > {8 17 27} > 19 > 11 > 3 > 23 > {5 7} > {22 26} > {24 25} > 30
Weight
0.333
Pairwise count matrix
  166.5  332.5    333  332.5    333    333    333    333    326    330    333    333   31.5     67    333     14    333    333    333    330    307    333    333    333    333    333    333  254.5    333    333
    0.5  166.5    333    273    333    268    333    332      4   18.5    333  329.5      0      0     79      0    332    329  332.5     26      1    333    333    333    333    333  332.5      0  313.5    333
      0      0  166.5      0    311      0    313    4.5      0      0     68      0      0      0      0      0      3      0     25      0      0    330  258.5    332    332    330      5      0      0    333
    0.5     60    333  166.5    333    165    333    330      1    4.5    333    321      0      0   21.5      0  331.5  318.5    333    8.5      1    333    333    333    333    333    332      0    278    333
      0      0     22      0  166.5      0  173.5    0.5      0      0      8      0      0      0      0      0    0.5      0    2.5      0      0  292.5   63.5    327    327    292    0.5      0      0  329.5
      0     65    333    168    333  166.5    333  329.5      0      5    333    315      0      0     22      0    332  315.5  332.5      3      0    333    333    333    333    333  331.5      0    267    333
      0      0     20      0  159.5      0  166.5      0      0      0      6      0      0      0      0      0    0.5      0      2      0      0  285.5     58    330  328.5    286      0      0      0  329.5
      0      1  328.5      3  332.5    3.5    333  166.5      0      0    321   35.5      0      0      0      0    173     40    284      0      0    333  332.5    333    333  332.5    164      0   11.5    333
      7    329    333    332    333    333    333    333  166.5  274.5    333    333      0      2  316.5    0.5    333    333    333  281.5   70.5    333    333    333    333    333    333   19.5    333    333
      3  314.5    333  328.5    333    328    333    333   58.5  166.5    333    333      0    0.5    266      0    333    333    333  171.5   15.5    333    333    333    333    333    333    2.5  332.5    333
      0      0    265      0    325      0    327     12      0      0  166.5      1      0      0      0      0   10.5    0.5   68.5      0      0    332  300.5    333    333  332.5   11.5      0      0    333
      0    3.5    333     12    333     18    333  297.5      0      0    332  166.5      0      0    0.5      0  300.5    172  329.5      0      0    333    333    333    333    333  297.5      0   64.5    333
  301.5    333    333    333    333    333    333    333    333    333    333    333  166.5    241    333    101    333    333    333  332.5  327.5    333    333    333    333    333    333    320    333    333
    266    333    333    333    333    333    333    333    331  332.5    333    333     92  166.5    333     49    333    333    333  332.5  323.5    333    333    333    333    333    333    307    333    333
      0    254    333  311.5    333    311    333    333   16.5     67    333  332.5      0      0  166.5      0    333    332    333     69      4    333    333    333    333    333    333      0    329    333
    319    333    333    333    333    333    333    333  332.5    333    333    333    232    284    333  166.5    333    333    333    333    331    333    333    333    333    333    333  329.5    333    333
      0      1    330    1.5  332.5      1  332.5    160      0      0  322.5   32.5      0      0      0      0  166.5     37  286.5      0      0    333  332.5    333    333    333  149.5      0    9.5    333
      0      4    333   14.5    333   17.5    333    293      0      0  332.5    161      0      0      1      0    296  166.5  327.5    0.5      0    333    333    333    333    333    291      0     55    333
      0    0.5    308      0  330.5    0.5    331     49      0      0  264.5    3.5      0      0      0      0   46.5    5.5  166.5      0      0    333  323.5    333    333    333     43      0    2.5    333
      3    307    333  324.5    333    330    333    333   51.5  161.5    333    333    0.5    0.5    264      0    333  332.5    333  166.5   17.5    333    333    333    333    333    333    4.5  331.5    333
     26    332    333    332    333    333    333    333  262.5  317.5    333    333    5.5    9.5    329      2    333    333    333  315.5  166.5    333    333    333    333    333    333     71    333    333
      0      0      3      0   40.5      0   47.5      0      0      0      1      0      0      0      0      0      0      0      0      0      0  166.5   12.5    293  289.5  165.5      0      0      0    316
      0      0   74.5      0  269.5      0    275    0.5      0      0   32.5      0      0      0      0      0    0.5      0    9.5      0      0  320.5  166.5    333  332.5    322    1.5      0      0  332.5
      0      0      1      0      6      0      3      0      0      0      0      0      0      0      0      0      0      0      0      0      0     40      0  166.5  159.5     35      0      0      0    242
      0      0      1      0      6      0    4.5      0      0      0      0      0      0      0      0      0      0      0      0      0      0   43.5    0.5  173.5  166.5     41      0      0      0    248
      0      0      3      0     41      0     47    0.5      0      0    0.5      0      0      0      0      0      0      0      0      0      0  167.5     11    298    292  166.5      0      0      0    314
      0    0.5    328      1  332.5    1.5    333    169      0      0  321.5   35.5      0      0      0      0  183.5     42    290      0      0    333  331.5    333    333    333  166.5      0   10.5    333
   78.5    333    333    333    333    333    333    333  313.5  330.5    333    333     13     26    333    3.5    333    333    333  328.5    262    333    333    333    333    333    333  166.5    333    333
      0   19.5    333     55    333     66    333  321.5      0    0.5    333  268.5      0      0      4      0  323.5    278  330.5    1.5      0    333    333    333    333    333  322.5      0  166.5    333
      0      0      0      0    3.5      0    3.5      0      0      0      0      0      0      0      0      0      0      0      0      0      0     17    0.5     91     85     19      0      0      0  166.5

