COMPONENT 1
Central weak order
{2 15} > {13 17} > {23 28} > 8 > 21 > 18 > {16 25} > 3 > 11 > {5 20 22} > 4 > 29 > 6 > {19 30} > 9 > 7 > 12 > {10 26} > {1 27} > 24 > 14
Weight
0.667
Pairwise count matrix
  333.5      0      0      0      0      0    4.5      0      1   88.5      0   25.5      0    605      0      0      0      0      0      0      0      0      0    551      0     91    339      0      0      0
    667  333.5    667    667    667    667    667  664.5    667    667    667    667    540    667    321    667  565.5    667    667    667  666.5    667  647.5    667    667    667    667  651.5    667    667
    667      0  333.5    663  629.5    667    667      2    667    667    522    667      0    667      0  124.5    0.5   31.5    667  629.5      9    629    0.5    667    125    667    667    0.5  663.5    667
    667      0      4  333.5   91.5  606.5    667      0    665    667     26    667      0    667      0      0      0    0.5  656.5   99.5      0    101      0    667      1    667    667      0    506  649.5
    667      0   37.5  575.5  333.5    661    667      0    667    667  102.5    667      0    667      0      8      0      1    667    334      0    341      0    667     11    667    667      0  631.5  664.5
    667      0      0   60.5      6  333.5    660      0    640  666.5      0  664.5      0    667      0      0      0      0  559.5    7.5      0   17.5      0    667      0    667  666.5      0  146.5  539.5
  662.5      0      0      0      0      7  333.5      0  147.5  637.5      0  515.5      0    667      0      0      0      0   44.5      0      0    0.5      0    667      0  629.5  662.5      0      3     39
    667    2.5    665    667    667    667    667  333.5    667    667    666    667   18.5    667      5    654     19  615.5    667    667  513.5    667    111    667    653    667    667    109    667    667
    666      0      0      2      0     27  519.5      0  333.5    657      0    598      0    667      0      0      0      0  129.5    0.5      0    0.5      0    667      0  653.5    666      0      7    123
  578.5      0      0      0      0    0.5   29.5      0     10  333.5      0    111      0  659.5      0      0      0      0      1      0      0      0      0    650      0    322  577.5      0      0    1.5
    667      0    145    641  564.5    667    667      1    667    667  333.5    667      0    667      0     35      0    9.5    667  562.5    1.5    561    0.5    667   39.5    667    667    0.5  661.5    667
  641.5      0      0      0      0    2.5  151.5      0     69    556      0  333.5      0  666.5      0      0      0      0   15.5      0      0      0      0    665      0    542  647.5      0    0.5     12
    667    127    667    667    667    667    667  648.5    667    667    667    667  333.5    667  124.5    667  363.5  664.5    667    667  662.5    667  577.5    667  666.5    667    667    591    667    667
     62      0      0      0      0      0      0      0      0    7.5      0    0.5      0  333.5      0      0      0      0      0      0      0      0      0  213.5      0    6.5   57.5      0      0      0
    667    346    667    667    667    667    667    662    667    667    667    667  542.5    667  333.5    667  565.5  666.5    667    667  665.5    667  643.5    667  666.5    667    667  643.5    667    667
    667      0  542.5    667    659    667    667     13    667    667    632    667      0    667      0  333.5      0  126.5    667  661.5     43    661    3.5    667    334    667    667      5    667    667
    667  101.5  666.5    667    667    667    667    648    667    667    667    667  303.5    667  101.5    667  333.5    665    667    667    661    667  572.5    667  666.5    667    667  581.5    667    667
    667      0  635.5  666.5    666    667    667   51.5    667    667  657.5    667    2.5    667    0.5  540.5      2  333.5    667    665    149  665.5     10    667  543.5    667    667     12    667    667
    667      0      0   10.5      0  107.5  622.5      0  537.5    666      0  651.5      0    667      0      0      0      0  333.5    2.5      0      2      0    667      0  664.5    667      0     35    321
    667      0   37.5  567.5    333  659.5    667      0  666.5    667  104.5    667      0    667      0    5.5      0      2  664.5  333.5      0    345      0    667      8    667    667      0  631.5    665
    667    0.5    658    667    667    667    667  153.5    667    667  665.5    667    4.5    667    1.5    624      6    518    667    667  333.5  666.5   35.5    667  615.5    667    667   38.5    667    667
    667      0     38    566    326  649.5  666.5      0  666.5    667    106    667      0    667      0      6      0    1.5    665    322    0.5  333.5      0    667      6    667    667      0  631.5  662.5
    667   19.5  666.5    667    667    667    667    556    667    667  666.5    667   89.5    667   23.5  663.5   94.5    657    667    667  631.5    667  333.5    667    664    667    667    342    667    667
    116      0      0      0      0      0      0      0      0     17      0      2      0  453.5      0      0      0      0      0      0      0      0      0  333.5      0   17.5    121      0      0      0
    667      0    542    666    656    667    667     14    667    667  627.5    667    0.5    667    0.5    333    0.5  123.5    667    659   51.5    661      3    667  333.5    667    667    1.5    666    667
    576      0      0      0      0      0   37.5      0   13.5    345      0    125      0  660.5      0      0      0      0    2.5      0      0      0      0  649.5      0  333.5  577.5      0      0    1.5
    328      0      0      0      0    0.5    4.5      0      1   89.5      0   19.5      0  609.5      0      0      0      0      0      0      0      0      0    546      0   89.5  333.5      0      0      0
    667   15.5  666.5    667    667    667    667    558    667    667  666.5    667     76    667   23.5    662   85.5    655    667    667  628.5    667    325    667  665.5    667    667  333.5    667    667
    667      0    3.5    161   35.5  520.5    664      0    660    667    5.5  666.5      0    667      0      0      0      0    632   35.5      0   35.5      0    667      1    667    667      0  333.5  627.5
    667      0      0   17.5    2.5  127.5    628      0    544  665.5      0    655      0    667      0      0      0      0    346      2      0    4.5      0    667      0  665.5    667      0   39.5  333.5

COMPONENT 2
Central weak order
27 > {4 20} > 3 > 26 > 29 > 22 > {15 24} > 28 > 18 > {13 16 21} > {7 11 23} > 12 > 8 > {1 10 25} > {2 30} > 5 > {14 17} > 19 > 9 > 6
Weight
0.333
Pairwise count matrix
  166.5    295      0      0    326    333      4   55.5    333  157.5      6   18.5      1    333      0      1    331      0    332      0      1      0    5.5      0    154      0      0      0      0  291.5
     38  166.5      0      0    284  332.5      0      6  332.5   38.5      0    0.5      0  325.5      0      0    320      0  329.5      0      0      0      0      0   39.5      0      0      0      0  171.5
    333    333  166.5     65    333    333    333    333    333    333    333    333    333    333  332.5    333    333    333    333     66    333    326    333    333    333    265   31.5    333    310    333
    333    333    268  166.5    333    333    333    333    333    333    333    333    333    333    332    333    333    333    333  159.5    333    331    333  332.5    333    310     89  332.5    325    333
      7     49      0      0  166.5  330.5      0      2    329      6      0      0      0  282.5      0      0  272.5      0  320.5      0      0      0      0      0     10      0      0      0      0     60
      0    0.5      0      0    2.5  166.5      0      0  106.5      0      0      0      0    8.5      0      0      8      0     51      0      0      0      0      0      0      0      0      0      0    0.5
    329    333      0      0    333    333  166.5    318    333    332  175.5  291.5     37    333    0.5   34.5    333      6    333      0     33      0    179      0  330.5      0      0      1      0  332.5
  277.5    327      0      0    331    333     15  166.5    333    279   14.5   79.5      2    333      0    0.5  332.5      0  332.5      0    1.5      0     20      0    282      0      0      0      0    325
      0    0.5      0      0      4  226.5      0      0  166.5      0      0      0      0     25      0      0     21      0     89      0      0      0      0      0      0      0      0      0      0    1.5
  175.5  294.5      0      0    327    333      1     54    333  166.5    1.5     13      0  331.5      0      0  331.5      0    333      0      0      0      4      0  169.5      0      0      0      0    291
    327    333      0      0    333    333  157.5  318.5    333  331.5  166.5  286.5     35    333      0     30    333    4.5    333      0   28.5      0  174.5      0    332      0      0      1      0  332.5
  314.5  332.5      0      0    333    333   41.5  253.5    333    320   46.5  166.5    4.5    333      0      2    333    0.5    333      0    2.5      0   52.5      0  315.5      0      0      0      0  331.5
    332    333      0      0    333    333    296    331    333    333    298  328.5  166.5    333      4  160.5    333     59    333      0    162      0    304    2.5  331.5      0      0   21.5      0    333
      0    7.5      0      0   50.5  324.5      0      0    308    1.5      0      0      0  166.5      0      0    147      0  279.5      0      0      0      0      0      1      0      0      0      0     11
    333    333    0.5      1    333    333  332.5    333    333    333    333    333    329    333  166.5  328.5    333    309    333    1.5    328     65    333  173.5    333    7.5      0  278.5   24.5    333
    332    333      0      0    333    333  298.5  332.5    333    333    303    331  172.5    333    4.5  166.5    333   59.5    333      0  168.5      1  303.5    5.5    333    0.5      0   20.5    1.5    333
      2     13      0      0   60.5    325      0    0.5    312    1.5      0      0      0    186      0      0  166.5      0  283.5      0      0      0      0      0    1.5      0      0      0      0   16.5
    333    333      0      0    333    333    327    333    333    333  328.5  332.5    274    333     24  273.5    333  166.5    333      0    275    1.5  323.5   15.5    333      0      0   71.5      1    333
      1    3.5      0      0   12.5    282      0    0.5    244      0      0      0      0   53.5      0      0   49.5      0  166.5      0      0      0      0      0      0      0      0      0      0    4.5
    333    333    267  173.5    333    333    333    333    333    333    333    333    333    333  331.5    333    333    333    333  166.5    333  331.5    333  332.5    333    315   87.5    333    326    333
    332    333      0      0    333    333    300  331.5    333    333  304.5  330.5    171    333      5  164.5    333     58    333      0  166.5      1  302.5      3    333      0      0     21      0    333
    333    333      7      2    333    333    333    333    333    333    333    333    333    333    268    332    333  331.5    333    1.5    332  166.5    333  271.5    333     31      0    320     78    333
  327.5    333      0      0    333    333    154    313    333    329  158.5  280.5     29    333      0   29.5    333    9.5    333      0   30.5      0  166.5    0.5  330.5      0      0      1      0  332.5
    333    333      0    0.5    333    333    333    333    333    333    333    333  330.5    333  159.5  327.5    333  317.5    333    0.5    330   61.5  332.5  166.5    333     10      0    275   23.5    333
    179  293.5      0      0    323    333    2.5     51    333  163.5      1   17.5    1.5    332      0      0  331.5      0    333      0      0      0    2.5      0  166.5      0      0      0      0  290.5
    333    333     68     23    333    333    333    333    333    333    333    333    333    333  325.5  332.5    333    333    333     18    333    302    333    323    333  166.5      7    332  256.5    333
    333    333  301.5    244    333    333    333    333    333    333    333    333    333    333    333    333    333    333    333  245.5    333    333    333    333    333    326  166.5    333  331.5    333
    333    333      0    0.5    333    333    332    333    333    333    332    333  311.5    333   54.5  312.5    333  261.5    333      0    312     13    332     58    333      1      0  166.5      4    333
    333    333     23      8    333    333    333    333    333    333    333    333    333    333  308.5  331.5    333    332    333      7    333    255    333  309.5    333   76.5    1.5    329  166.5    333
   41.5  161.5      0      0    273  332.5    0.5      8  331.5     42    0.5    1.5      0    322      0      0  316.5      0  328.5      0      0      0    0.5      0   42.5      0      0      0      0  166.5

