n: 36
g: 3
D: 32
a:
[ 
    500      3    667  418.5    325    338    334    8.5      0      0    335    605    334     81  633.5     10  285.5    334    276    931    272  323.5    974    304  657.5  333.5  664.5    335    334      0    667  356.5    358    755    367    333
    997    500    667    731  334.5  903.5    667  658.5      9    325    697   1000  666.5  498.5    722  675.5    996  669.5    667   1000    801    642   1000    349  676.5  603.5    667    671    667    483    667  979.5    667   1000    667  336.5
    333    333    500    664      1    336  287.5      0      0   87.5    661    333   54.5    2.5    385    320    333  651.5  240.5  351.5    333      0    354   38.5    333    6.5    333    300    341      0    291    333  167.5  666.5    501  122.5
  581.5    269    336    500    333  348.5    357    333     20    329    645    666    334    257    652    333  629.5    381    333  664.5  398.5    324    666    333  370.5    333    601    333  661.5    333    360  665.5  334.5  935.5    162    333
    675  665.5    999    667    500    667    334    334    205    434    667    667  348.5  607.5    991    667    667    667    667    997  683.5    604    737    698    667  659.5    591    667    648    428  634.5  667.5    336    669    667  931.5
    662   96.5    664  651.5    333    500  402.5  332.5      0    6.5    512    673  344.5    0.5    666    324  340.5    380  343.5  677.5  608.5   51.5  963.5    333    400    333    667  577.5  618.5    277    667    666  665.5   1000    607    333
    666    333  712.5    643    666  597.5    500    603    332    347    929  665.5    415    334    666    665  363.5    593    666    666    666  339.5    669    666    333    507    985    666    987    654  669.5    666    679  993.5    375    666
  991.5  341.5   1000    667    666  667.5    397    500  329.5    333  667.5  725.5    657  654.5  668.5  583.5    631    667  730.5  999.5  670.5    667  999.5  666.5    667  419.5    966    728    668    340  739.5    694    851  975.5    667    666
   1000    991   1000    980    795   1000    668  670.5    500    771   1000   1000    757  985.5  990.5   1000   1000  999.5   1000   1000  998.5    990   1000  971.5    885  667.5    703   1000    997    917  667.5   1000    684   1000    936    941
   1000    675  912.5    671    566  993.5    653    667    229    500    994   1000    617  346.5  995.5    995  902.5  699.5  957.5   1000  999.5  412.5   1000  743.5    667    667    667    987  684.5    663    667   1000    667   1000    667    671
    665    303    339    355    333    488     71  332.5      0      6    500  663.5   32.5      0    666    408  343.5    262  344.5    666    665      1    666  333.5    333    333    404  374.5    505    270    335    666    333    745    330    334
    395      0    667    334    333    327  334.5  274.5      0      0  336.5    500    333     23  356.5     51   15.5    334    347    568  332.5    282    969    333  566.5    333    667  498.5  348.5     13    667  476.5    647  970.5  334.5    333
    666  333.5  945.5    666  651.5  655.5    585    343    243    383  967.5    667    500  331.5    666  665.5    423    668    666    666    666    345    749    666    333    335  742.5    701  994.5  618.5  661.5    666  655.5   1000  611.5    666
    919  501.5  997.5    743  392.5  999.5    666  345.5   14.5  653.5   1000    977  668.5    500    666    701  740.5    929  980.5    974    666  803.5   1000  658.5  672.5  335.5    668   1000    935  363.5    667    671    667   1000    693  646.5
  366.5    278    615    348      9    334    334  331.5    9.5    4.5    334  643.5    334    334    500    334  416.5    334    334  665.5    280    334    665     70    660  358.5    337    334    334  262.5  347.5    636    334    666  338.5    285
    990  324.5    680    667    333    676    335  416.5      0      5    592    949  334.5    299    666    500    590    625    655    997    669    334   1000    334    667    349    667    710    403   66.5    667    715  664.5  998.5    667  333.5
  714.5      4    667  370.5    333  659.5  636.5    369      0   97.5  656.5  984.5    577  259.5  583.5    410    500  345.5    660  959.5  341.5    368  999.5    333  663.5    338    667    667  666.5  332.5    667  670.5    667  999.5  343.5    333
    666  330.5  348.5    619    333    620    407    333    0.5  300.5    738    666    332     71    666    375  654.5    500  334.5    666    661    253    667    333  335.5    333    640    348    665    333    402    666    349    978    344    333
    724    333  759.5    667    333  656.5    334  269.5      0   42.5  655.5    653    334   19.5    666    345    340  665.5    500  832.5    666  279.5  999.5    344    629    333    667  741.5  348.5   10.5    667    651  644.5    993    667    336
     69      0  648.5  335.5      3  322.5    334    0.5      0      0    334    432    334     26  334.5      3   40.5    334  167.5    500      1  286.5    658      1  602.5     88    346    333    334      0  371.5  255.5    334    659    335  307.5
    728    199    667  601.5  316.5  391.5    334  329.5    1.5    0.5    335  667.5    334    334    720    331  658.5    339    334    999    500    334  933.5  284.5    667    608    665    334    334    156  665.5  654.5  343.5    701    506  338.5
  676.5    358   1000    676    396  948.5  660.5    333     10  587.5    999    718    655  196.5    666    666    632    747  720.5  713.5    666    500  997.5  655.5  523.5    333    668  983.5  934.5    357    667    666    667   1000  667.5  640.5
     26      0    646    334    263   36.5    331    0.5      0      0    334     31    251      0    335      0    0.5    333    0.5    342   66.5    2.5    500  150.5     93  331.5  638.5   75.5    334      0    656   25.5  315.5    508  318.5    333
    696    651  961.5    667    302    667    334  333.5   28.5  256.5  666.5    667    334  341.5    930    666    667    667    656    999  715.5  344.5  849.5    500    667  661.5    645    663    374    305  659.5    670  336.5  675.5    667    495
  342.5  323.5    667  629.5    333    600    667    333    115    333    667  433.5    667  327.5    340    333  336.5  664.5    371  397.5    333  476.5    907    333    500    333    667  645.5    667    333  666.5  396.5    667    923  577.5    333
  666.5  396.5  993.5    667  340.5    667    493  580.5  332.5    333    667    667    665  664.5  641.5    651    662    667    667    912    392    667  668.5  338.5    667    500    694    667    667    381  594.5    596  642.5    667    667    656
  335.5    333    667    399    409    333     15     34    297    333    596    333  257.5    332    663    333    333    360    333    654    335    332  361.5    355    333    306    500    333    627    323  276.5    333   88.5  503.5  334.5    665
    665    329    700    667    333  422.5    334    272      0     13  625.5  501.5    299      0    666    290    333    652  258.5    667    666   16.5  924.5    337  354.5    333    667    500  349.5   12.5  666.5    650  644.5    995    663    333
    666    333    659  338.5    352  381.5     13    332      3  315.5    495  651.5    5.5     65    666    597  333.5    335  651.5    666    666   65.5    666    626    333    333    373  650.5    500  169.5  333.5    664    333    712    333    581
   1000    517   1000    667    572    723    346    660     83    337    730    987  381.5  636.5  737.5  933.5  667.5    667  989.5   1000    844    643   1000    695    667    619    677  987.5  830.5    500    667    982  669.5    999    667    676
    333    333    709    640  365.5    333  330.5  260.5  332.5    333    665    333  338.5    333  652.5    333    333    598    333  628.5  334.5    333    344  340.5  333.5  405.5  723.5  333.5  666.5    333    500    333  344.5    658  379.5    660
  643.5   20.5    667  334.5  332.5    334    334    306      0      0    334  523.5    334    329    364    285  329.5    334    349  744.5  345.5    334  974.5    330  603.5    404    667    350    336     18    667    500  494.5  907.5    334    333
    642    333  832.5  665.5    664  334.5    321    149    316    333    667    353  344.5    333    666  335.5    333    651  355.5    666  656.5    333  684.5  663.5    333  357.5  911.5  355.5    667  330.5  655.5  505.5    500  933.5  496.5    666
    245      0  333.5   64.5    331      0    6.5   24.5      0      0    255   29.5      0      0    334    1.5    0.5     22      7    341    299      0    492  324.5     77    333  496.5      5    288      1    342   92.5   66.5    500    0.5    333
    633    333    499    838    333    393    625    333     64    333    670  665.5  388.5    307  661.5    333  656.5    656    333    665    494  332.5  681.5    333  422.5    333  665.5    337    667    333  620.5    666  503.5  999.5    500    333
    667  663.5  877.5    667   68.5    667    334    334     59    329    666    667    334  353.5    715  666.5    667    667    664  692.5  661.5  359.5    667    505    667    344    335    667    419    324    340    667    334    667    667    500
]
