n: 42
g: 4
D: 44
a:
[ 
    500    492    998    999  257.5    308    678    736    750    500    750    979    740  529.5    750    439  750.5   79.5  219.5    139    750    250    500    750    783  498.5    468  749.5    750    107  370.5    500    845    500  743.5    800    474    750  947.5    496    500    746
    508    500    750    755  510.5    254    750  734.5    489    408    500    629    750    500  725.5    525    712  463.5    537  257.5    719  261.5    707  687.5  750.5  291.5  535.5    500    741    500    500  561.5    750    507    750  987.5  459.5    500    809  748.5    503  698.5
      2    250    500    496      0     43    251    501    281    285    589    484    311  250.5    495     17  684.5      1      0      0  748.5    250    250    742    589    8.5    250    428  743.5      0    250   47.5    520  236.5     81  562.5      0  575.5  473.5    250    485    241
      1    245    504    500     26  248.5    437    500    251  250.5    515    157  492.5  471.5  494.5  247.5  430.5      0      0      0  688.5    250    190  747.5  529.5    178    250  498.5    519      0  250.5    249    500  470.5    452  539.5   15.5  502.5  252.5    313    258    317
  742.5  489.5   1000    974    500  521.5    986   1000  515.5  686.5  750.5    750   1000    750  862.5    745  759.5  508.5  520.5    500    750  500.5    562    798   1000    495    751  752.5    750  672.5    619  732.5   1000    806  819.5    971    503    755    804  871.5  703.5  937.5
    692    746    957  751.5  478.5    500    502   1000    750  741.5    742  748.5  739.5  507.5    998    536    750    543  493.5    686    750  426.5    510    932    959    541    750  794.5    750  551.5  253.5  658.5  999.5  757.5    507    750    493  794.5    750    500    500    998
    322    250    749    563     14    498    500    750    500  494.5    531  515.5    933  663.5    500    442    748  273.5    200  250.5  683.5    500    483    750    593    250    504    513    750    250  266.5  488.5  924.5  496.5    442  501.5    254    750    502  293.5    563    500
    264  265.5    499    500      0      0    250    500  256.5    250    250    500  250.5      1    306  167.5  527.5    250    235    244    500  232.5    250  441.5  499.5    218    338  393.5    734  251.5    241    4.5  560.5      0    250    500    0.5    354    500  440.5  258.5    225
    250    511    719    749  484.5    250    500  743.5    500    628  738.5    512    500  469.5    800  250.5    749    250    251    250    750  436.5  298.5  776.5    748    523    501    797    750    250    487    372  716.5  506.5    500    750    141    880    707    500    500  532.5
    500    592    715  749.5  313.5  258.5  505.5    750    372    500  488.5  748.5    547    301    743  498.5  934.5    464    490    251  517.5  260.5  497.5  767.5    748   63.5  519.5  299.5  752.5    500    500    429    750    276    500    750    250  683.5    750  749.5  439.5  499.5
    250    500    411    485  249.5    258    469    750  261.5  511.5    500  461.5  496.5  283.5  740.5    254  744.5    250    250    250    735    266    250    980  683.5  207.5    500  526.5    750    250  321.5  267.5    750  442.5  252.5  516.5    1.5    730    500    500    500  477.5
     21    371    516    843    250  251.5  484.5    500    488  251.5  538.5    500    499  494.5  737.5  275.5    470    0.5   45.5     11  728.5    250    441    750  574.5    250    250    500  554.5    1.5  260.5  490.5    500    500  496.5    637    271  505.5  535.5    426  274.5    500
    260    250    689  507.5      0  260.5     67  749.5    500    453  503.5    501    500  430.5    500  187.5    721  194.5      0  235.5    554  324.5    252    750    509    250    496    503    748    250  250.5    230  806.5    263    203    501    197  748.5  491.5    252    472    500
  470.5    500  749.5  528.5    250  492.5  336.5    999  530.5    699  716.5  505.5  569.5    500    750    477  745.5    271    250  311.5  553.5  317.5    250    998    758  491.5  735.5  741.5    750    438  432.5    491    976  498.5    385    500   42.5  986.5    500    508    473    750
    250  274.5    505  505.5  137.5      2    500    694    200    257  259.5  262.5    500    250    500    219  564.5    250  245.5  249.5  746.5    250    253  552.5    505    244    500    498  749.5    250    250     39  734.5  265.5    499    749    5.5    468    502  489.5    500  369.5
    561    475    983  752.5    255    464    558  832.5  749.5  501.5    746  724.5  812.5    523    781    500    750  503.5  519.5  549.5    750    500  689.5    750  983.5    500  747.5    750    750    500  253.5    671   1000    742  526.5    750  491.5    750    750    449  520.5  775.5
  249.5    288  315.5  569.5  240.5    250    252  472.5    251   65.5  255.5    530    279  254.5  435.5    250    500    135  203.5      0  500.5  251.5    474    735  266.5     15  135.5    250  734.5    247  498.5    250  503.5    250    280  744.5    250  446.5    650    496  272.5    250
  920.5  536.5    999   1000  491.5    457  726.5    750    750    536    750  999.5  805.5    729    750  496.5    865    500  442.5    431    750    276    726    750  824.5    507  542.5    750    750  620.5    500    501  984.5    503    749    999    623    750   1000  500.5    500    750
  780.5    463   1000   1000  479.5  506.5    800    765    749    510    750  954.5   1000    750  754.5  480.5  796.5  557.5    500    469    750    498  863.5    750  997.5    501  747.5    750    750  708.5    501  728.5   1000  743.5  755.5    997    739    750  999.5    577  524.5  753.5
    861  742.5   1000   1000    500    314  749.5    756    750    749    750    989  764.5  688.5  750.5  450.5   1000    569    531    500    916  493.5    748    750  991.5  746.5    965    750    923  678.5    500    500  988.5  502.5    750   1000  548.5    750   1000    528  718.5    750
    250    281  251.5  311.5    250    250  316.5    500    250  482.5    265  271.5    446  446.5  253.5    250  499.5    250    250     84    500  478.5  374.5    566  282.5    241  487.5    256    579    250    500    250    500    250    250    478    250    500  261.5    500    438    250
    750  738.5    750    750  499.5  573.5    500  767.5  563.5  739.5    734    750  675.5  682.5    750    500  748.5    724    502  506.5  521.5    500  502.5    793    750    700  691.5    748  656.5    749  652.5    512  875.5  531.5    500    750  525.5    756    750  622.5  312.5    750
    500    293    750    810    438    490    517    750  701.5  502.5    750    559    748    750    747  310.5    526    274  136.5    252  625.5  497.5    500    750    750  500.5  500.5    750  506.5  470.5  496.5    634    750  722.5    500  759.5  623.5    750  736.5  500.5    259  749.5
    250  312.5    258  252.5    202     68    250  558.5  223.5  232.5     20    250    250      2  447.5    250    265    250    250    250    434    207    250    500    255   17.5  259.5    263  685.5    250  233.5  250.5    702  176.5    250  478.5      0    282  278.5  454.5  252.5    361
    217  249.5    411  470.5      0     41    407  500.5    252    252  316.5  425.5    491    242    495   16.5  733.5  175.5    2.5    8.5  717.5    250    250    745    500      0  309.5    280    750   23.5    250   44.5  744.5  226.5    251    503      0  512.5    498    251  499.5    242
  501.5  708.5  991.5    822    505    459    750    782    477  936.5  792.5    750    750  508.5    756    500    985    493    499  253.5    759    300  499.5  982.5   1000    500    633  791.5    763  500.5    519    501    752    675  699.5    979    250    859  753.5    750    523  604.5
    532  464.5    750    750    249    250    496    662    499  480.5    500    750    504  264.5    500  252.5  864.5  457.5  252.5     35  512.5  308.5  499.5  740.5  690.5    367    500  491.5  762.5    327  498.5    250    805    250    500    750  250.5    692    750  502.5  334.5  470.5
  250.5    500    572  501.5  247.5  205.5    487  606.5    203  700.5  473.5    500    497  258.5    502    250    750    250    250    250    744    252    250    737    720  208.5  508.5    500    750  250.5    267    250  547.5    243  257.5  529.5    0.5    634    500    500    500    290
    250    259  256.5    481    250    250    250    266    250  247.5    250  445.5    252    250  250.5    250  265.5    250    250     77    421  343.5  493.5  314.5    250    237  237.5    250    500    250    437    250    371    250    252  594.5    250  257.5    281  371.5  263.5    250
    893    500   1000   1000  327.5  448.5    750  748.5    750    500    750  998.5    750    562    750    500    753  379.5  291.5  321.5    750    251  529.5    750  976.5  499.5    673  749.5    750    500    476    500    939    500    750  937.5  509.5    750  994.5    514    500    749
  629.5    500    750  749.5    381  746.5  733.5    759    513    500  678.5  739.5  749.5  567.5    750  746.5  501.5    500    499    500    500  347.5  503.5  766.5    750    481  501.5    733    563    524    500    749  813.5    749  569.5    561  492.5    733    699  672.5  452.5    750
    500  438.5  952.5    751  267.5  341.5  511.5  995.5    628    571  732.5  509.5    770    509    961    329    750    499  271.5    500    750    488    366  749.5  955.5    499    750    750    750    500    251    500   1000  684.5    510    750  291.5    750  704.5    500    504    972
    155    250    480    500      0    0.5   75.5  439.5  283.5    250    250    500  193.5     24  265.5      0  496.5   15.5      0   11.5    500  124.5    250    298  255.5    248    195  452.5    629     61  186.5      0    500    1.5  198.5    499    2.5  332.5  496.5  113.5    248    247
    500    493  763.5  529.5    194  242.5  503.5   1000  493.5    724  557.5    500    737  501.5  734.5    258    750    497  256.5  497.5    750  468.5  277.5  823.5  773.5    325    750    757    750    500    251  315.5  998.5    500    375    700    247    762  501.5    500    502    711
  256.5    250    919    548  180.5    493    558    750    500    500  747.5  503.5    797    615    501  473.5    720    251  244.5    250    750    500    500    750    749  300.5    500  742.5    748    250  430.5    490  801.5    625    500    699  250.5    750    489    430    724    511
    200   12.5  437.5  460.5     29    250  498.5    500    250    250  483.5    363    499    500    251    250  255.5      1      3      0    522    250  240.5  521.5    497     21    250  470.5  405.5   62.5    439    250    501    300    301    500  242.5    500    242  497.5    272  252.5
    526  540.5   1000  984.5    497    507    746  999.5    859    750  998.5    729    803  957.5  994.5  508.5    750    377    261  451.5    750  474.5  376.5   1000   1000    750  749.5  999.5    750  490.5  507.5  708.5  997.5    753  749.5  757.5    500   1000    815    718    500    999
    250    500  424.5  497.5    245  205.5    250    646    120  316.5    270  494.5  251.5   13.5    532    250  553.5    250    250    250    500    244    250    718  487.5    141    308    366  742.5    250    267    250  667.5    238    250    500      0    500    500  492.5    270  263.5
   52.5    191  526.5  747.5    196    250    498    500    293    250    500  464.5  508.5    500    498    250    350      0    0.5      0  738.5    250  263.5  721.5    502  246.5    250    500    719    5.5    301  295.5  503.5  498.5    511    758    185    500    500    490  427.5  480.5
    504  251.5    750    687  128.5    500  706.5  559.5    500  250.5    500    574    748    492  510.5    551    504  499.5    423    472    500  377.5  499.5  545.5    749    250  497.5    500  628.5    486  327.5    500  886.5    500    570  502.5    282  507.5    510    500    460  506.5
    500    497    515    742  296.5    500    437  741.5    500  560.5    500  725.5    528    527    500  479.5  727.5    500  475.5  281.5    562  687.5    741  747.5  500.5    477  665.5    500  736.5    500  547.5    496    752    498    276    728    500    730  572.5    540    500    500
    254  301.5    759    683   62.5      2    500    775  467.5  500.5  522.5    500    500    250  630.5  224.5    750    250  246.5    250    750    250  250.5    639    758  395.5  529.5    710    750    251    250     28    753    289    489  747.5      1  736.5  519.5  493.5    500    500
]
