n: 36
g: 2
D: 32
a:
[ 
    500   1000    653  978.5    502      0    500    500    2.5    500    500    500   1000    500  500.5    500    911  996.5    908    578    500   1000    531  500.5  580.5    725  598.5  531.5  497.5   1000     10  506.5   1000  994.5  923.5   1000
      0    500      0      0      0      0    0.5  245.5      0      0    399      0    178      0     31      0      0    0.5   99.5      0    451     30      0    0.5      5      0      0      0      0   31.5      0      0    492     80      0      1
    347   1000    500    972    467      0    500    500    0.5    500    500    500   1000    500    500    500    894    999  751.5  504.5    500   1000  510.5    500    581    651    529  532.5    499   1000    8.5  502.5   1000  995.5    755  999.5
   21.5   1000     28    500     49      0    500    500      0  493.5    500    500  997.5    500    500    500    217    970  502.5  243.5    500  999.5    500    500  504.5     43    500    391    467  945.5      1    500    999    904    509  978.5
    498   1000    533    951    500   58.5    500    500  119.5    500    500    500   1000    500    500    500  875.5   1000  528.5    501    500   1000    500    500    961  618.5    501    882    500  994.5    254    500   1000   1000  538.5  998.5
   1000   1000   1000   1000  941.5    500    916    613    767  503.5  506.5  500.5   1000  920.5  909.5    515   1000   1000   1000  999.5  544.5   1000   1000  983.5    998   1000   1000  986.5  920.5   1000    930  998.5   1000   1000   1000   1000
    500  999.5    500    500    500     84    500  522.5  244.5    0.5  500.5   15.5    500  260.5    711    2.5    500    500    991  498.5    507    871  496.5  556.5    500    500    500    500  252.5    954    473    498   1000    500  556.5  506.5
    500  754.5    500    500    500    387  477.5    500    472    8.5  422.5    0.5    500  475.5    502     46    500    500  595.5  499.5  575.5  508.5    500  493.5    500    500    500    500    474    532  498.5  499.5  972.5    500  500.5    500
  997.5   1000  999.5   1000  880.5    233  755.5    528    500    500  501.5    500   1000  753.5  743.5    503  999.5   1000   1000    998    509   1000    997  929.5    993    998    997  965.5  748.5   1000    863  994.5   1000   1000   1000   1000
    500   1000    500  506.5    500  496.5  999.5  991.5    500    500  873.5    662    872    984   1000  890.5  500.5  595.5   1000    504    979   1000  985.5   1000    500    500  995.5    500    603   1000    500    997   1000  528.5   1000  999.5
    500    601    500    500    500  493.5  499.5  577.5  498.5  126.5    500   80.5    500    500    509    371    500    500    533    500    807    502    500    500    500    500    500    500    500  506.5    500    500    909    500    500    500
    500   1000    500    500    500  499.5  984.5  999.5    500    338  919.5    500    500    507  999.5    474    500    500  998.5    500  993.5    993    504  943.5    500    500    544    500    500    999    500    542   1000    500    883    623
      0    822      0    2.5      0      0    500    500      0    128    500    500    500  450.5    500  371.5      2   43.5    500    0.5    500  541.5    462    500    9.5      0    493      0     45  500.5      0    494    537  123.5    500    500
    500   1000    500    500    500   79.5  739.5  524.5  246.5     16    500    493  549.5    500  743.5    103    500    503   1000  499.5    509   1000    749    925    500    500  922.5    500    249   1000  468.5    932   1000    501    997  983.5
  499.5    969    500    500    500   90.5    289    498  256.5      0    491    0.5    500  256.5    500    5.5    500    500  881.5    498  506.5  595.5  495.5  436.5    500    500  498.5    500    249  735.5    468    489    998    500    505  501.5
    500   1000    500    500    500    485  997.5    954    497  109.5    629    526  628.5    897  994.5    500    500    515   1000    500    877   1000    893  999.5    500    500    979    500    514   1000  499.5  977.5   1000    506   1000  995.5
     89   1000    106    783  124.5      0    500    500    0.5  499.5    500    500    998    500    500    500    500  991.5    513    404    500   1000    500    500  519.5    143  499.5    464    491    985    0.5    500  999.5    972  514.5    995
    3.5  999.5      1     30      0      0    500    500      0  404.5    500    500  956.5    497    500    485    8.5    500    500     29    500    968  497.5    500  384.5      1  498.5     19    253    550      0    500    966    584    500    622
     92  900.5  248.5  497.5  471.5      0      9  404.5      0      0    467    1.5    500      0  118.5      0    487    500    500   23.5    488    523    7.5      4    500  408.5   26.5    498      0  609.5      0      1  994.5    500    257    500
    422   1000  495.5  756.5    499    0.5  501.5  500.5      2    496    500    500  999.5  500.5    502    500    596    971  976.5    500    500   1000  602.5  504.5    503    516  751.5  501.5    470   1000     14  549.5   1000    898  983.5   1000
    500    549    500    500    500  455.5    493  424.5    491     21    193    6.5    500    491  493.5    123    500    500    512    500    500    503    500    499    500    500    500    500    489  505.5    499    500  820.5    500    500    500
      0    970      0    0.5      0      0    129  491.5      0      0    498      7  458.5      0  404.5      0      0     32    477      0    497    500      0     50     95      0      0    0.5      0  400.5      0      0  740.5    401     21     16
    469   1000  489.5    500    500      0  503.5    500      3   14.5    500    496    538    251  504.5    107    500  502.5  992.5  397.5    500   1000    500  517.5    500    499  827.5    500    6.5   1000   53.5    553   1000    501    994  982.5
  499.5  999.5    500    500    500   16.5  443.5  506.5   70.5      0    500   56.5    500     75  563.5    0.5    500    500    996  495.5    501    950  482.5    500    500    500    498    500   80.5    984    374    459   1000    500    643    523
  419.5    995    419  495.5     39      2    500    500      7    500    500    500  990.5    500    500    500  480.5  615.5    500    497    500    905    500    500    500  409.5    500    130    500  523.5   37.5    500  903.5    972    500  553.5
    275   1000    349    957  381.5      0    500    500      2    500    500    500   1000    500    500    500    857    999  591.5    484    500   1000    501    500  590.5    500  504.5  531.5  499.5    999   10.5    500   1000    995    590   1000
  401.5   1000    471    500    499      0    500    500      3    4.5    500    456    507   77.5  501.5     21  500.5  501.5  973.5  248.5    500   1000  172.5    502    500  495.5    500    500      1   1000     16  280.5   1000    500    971    898
  468.5   1000  467.5    609    118   13.5    500    500   34.5    500    500    500   1000    500    500    500    536    981    502  498.5    500  999.5    500    500    870  468.5    500    500    500    867   98.5    500  999.5  999.5  503.5  957.5
  502.5   1000    501    533    500   79.5  747.5    526  251.5    397    500    500    955    751    751    486    509    747   1000    530    511   1000  993.5  919.5    500  500.5    999    500    500   1000  465.5    989   1000  597.5   1000   1000
      0  968.5      0   54.5    5.5      0     46    468      0      0  493.5      1  499.5      0  264.5      0     15    450  390.5      0  494.5  599.5      0     16  476.5      1      0    133      0    500      0      0    995  498.5      8    382
    990   1000  991.5    999    746     70    527  501.5    137    500    500    500   1000  531.5    532  500.5  999.5   1000   1000    986    501   1000  946.5    626  962.5  989.5    984  901.5  534.5   1000    500  877.5   1000   1000   1000   1000
  493.5   1000  497.5    500    500    1.5    502  500.5    5.5      3    500    458    506     68    511   22.5    500    500    999  450.5    500   1000    447    541    500    500  719.5    500     11   1000  122.5    500   1000    500    989    901
      0    508      0      1      0      0      0   27.5      0      0     91      0    463      0      2      0    0.5     34    5.5      0  179.5  259.5      0      0   96.5      0      0    0.5      0      5      0      0    500    399      0     13
    5.5    920    4.5     96      0      0    500    500      0  471.5    500    500  876.5    499    500    494     28    416    500    102    500    599    499    500     28      5    500    0.5  402.5  501.5      0    500    601    500    500    505
   76.5   1000    245    491  461.5      0  443.5  499.5      0      0    500    117    500      3    495      0  485.5    500    743   16.5    500    979      6    357    500    410     29  496.5      0    992      0     11   1000    500    500    547
      0    999    0.5   21.5    1.5      0  493.5    500      0    0.5    500    377    500   16.5  498.5    4.5      5    378    500      0    500    984   17.5    477  446.5      0    102   42.5      0    618      0     99    987    495    453    500
]
