inputs/R2.dat
n: 30
g: 1

Objective value: 84.138

COMPONENT 1
Bucket order
17 | 7 8 10 13 16 22 30 | 25 | 5 6 | 2 3 4 9 11 12 14 15 18 19 20 21 23 24 26 27 28 29 | 1
Weight
1


inputs/R1.dat
n: 30
g: 1

Objective value: 129.101

COMPONENT 1
Bucket order
15 | 13 28 | 2 3 4 8 11 16 17 18 20 21 22 23 25 29 | 5 | 1 6 7 9 10 12 19 24 26 27 30 | 14
Weight
1


inputs/R3.dat
n: 30
g: 1

Objective value: 160.144

COMPONENT 1
Bucket order
15 | 6 10 13 16 21 22 25 | 1 2 3 4 5 7 8 9 11 12 18 19 20 23 24 26 27 29 30 | 14 17 28
Weight
1


inputs/R5.dat
n: 30
g: 1

Objective value: 136.489

COMPONENT 1
Bucket order
6 | 7 8 25 | 2 9 17 22 28 29 30 | 1 3 4 5 10 11 12 13 14 15 16 18 19 20 21 23 24 26 27
Weight
1


inputs/R4.dat
n: 30
g: 1

Objective value: 156.406

COMPONENT 1
Bucket order
9 10 11 12 13 14 15 16 21 27 28 29 | 1 2 3 4 5 6 7 8 17 18 19 20 22 23 24 25 26 30
Weight
1


inputs/R6.dat
n: 30
g: 1

Objective value: 144.536

COMPONENT 1
Bucket order
5 12 14 16 17 22 27 28 | 1 2 3 4 6 7 8 9 10 11 13 15 18 19 20 21 23 24 25 26 29 30
Weight
1


inputs/R7.dat
n: 36
g: 1

Objective value: 204.701

COMPONENT 1
Bucket order
2 9 12 15 22 25 26 29 33 | 11 19 23 32 | 16 17 21 30 36 | 1 3 5 10 18 24 27 31 | 4 13 14 20 28 34 | 6 7 8 35
Weight
1


inputs/R8.dat
n: 36
g: 1

Objective value: 163.139

COMPONENT 1
Bucket order
6 9 10 | 31 | 1 3 4 5 7 8 11 12 14 15 16 17 18 20 21 23 24 25 26 27 28 29 32 34 35 | 13 19 22 30 36 | 2 33
Weight
1


inputs/R10.dat
n: 36
g: 1

Objective value: 231.396

COMPONENT 1
Bucket order
9 | 10 | 1 2 4 5 6 7 8 11 12 13 14 15 16 17 18 19 21 22 24 25 26 27 28 29 30 31 32 33 35 36 | 3 20 23 34
Weight
1


inputs/R11.dat
n: 36
g: 1

Objective value: 233.02

COMPONENT 1
Bucket order
28 | 4 5 9 10 17 18 22 35 36 | 1 2 3 6 7 11 13 15 16 19 23 25 26 27 | 8 12 14 20 21 30 31 32 34 | 24 29 33
Weight
1


inputs/R9.dat
n: 36
g: 1

Objective value: 231.619

COMPONENT 1
Bucket order
5 15 20 25 36 | 1 2 3 4 6 7 10 13 14 17 18 21 23 26 28 29 31 32 33 34 35 | 8 9 11 12 16 19 22 24 27 30
Weight
1


inputs/R12.dat
n: 36
g: 1

Objective value: 175.407

COMPONENT 1
Bucket order
9 | 1 2 3 4 5 6 7 8 10 11 12 13 14 15 16 17 18 19 20 21 22 23 24 25 26 27 28 29 30 31 32 33 35 36 | 34
Weight
1


inputs/R14.dat
n: 42
g: 1

Objective value: 230.084

COMPONENT 1
Bucket order
1 | 2 3 4 7 13 14 16 22 24 26 28 30 38 | 6 8 9 10 11 12 17 18 19 20 21 23 25 27 29 31 32 33 35 36 37 39 | 5 15 34 40 41 42
Weight
1


inputs/R13.dat
n: 42
g: 1

Objective value: 252.197

COMPONENT 1
Bucket order
18 41 | 35 42 | 7 9 10 13 16 23 26 28 30 | 4 8 17 34 | 11 21 31 38 | 2 | 3 5 15 20 32 36 | 1 6 12 14 19 22 24 27 33 39 40 | 29 | 25 37
Weight
1


inputs/R15.dat
n: 42
g: 1

Objective value: 321.824

COMPONENT 1
Bucket order
9 13 33 | 1 5 6 7 11 12 15 18 21 22 24 26 29 30 34 37 38 39 42 | 2 3 8 10 14 16 17 20 23 25 28 32 35 40 | 19 31 41 | 27 36 | 4
Weight
1


inputs/R16.dat
n: 42
g: 1

Objective value: 282.544

COMPONENT 1
Bucket order
26 | 36 38 | 1 2 3 4 6 7 8 9 10 13 14 15 16 18 19 20 21 22 23 24 25 27 29 30 32 33 34 35 37 40 41 42 | 5 17 | 11 12 28 31 39
Weight
1


inputs/R18.dat
n: 42
g: 1

Objective value: 309.659

COMPONENT 1
Bucket order
1 2 5 6 7 9 10 14 16 18 19 20 22 23 26 27 30 31 32 34 35 37 40 41 | 3 4 8 11 12 13 15 17 21 24 25 28 29 33 36 38 39 42
Weight
1


inputs/R17.dat
n: 42
g: 1

Objective value: 324.528

COMPONENT 1
Bucket order
9 23 27 32 33 | 1 3 4 5 6 7 10 11 12 14 15 16 17 18 19 20 21 22 24 25 26 28 29 30 31 34 35 36 37 38 39 40 41 42 | 2 8 13
Weight
1


inputs/R1.dat
n: 30
g: 2

Objective value: 17.312

COMPONENT 1
Bucket order
2 15 | 13 17 | 23 28 | 8 | 18 21 | 16 25 | 3 | 11 | 5 20 22 | 4 29 | 6 | 19 30 | 9 | 7 12 | 10 26 | 1 27 | 14 24
Weight
0.667

COMPONENT 2
Bucket order
4 27 | 20 | 3 | 26 | 29 | 22 | 15 24 | 28 | 13 16 18 21 | 7 11 23 | 12 | 8 | 1 10 25 | 2 30 | 5 | 14 17 | 9 19 | 6
Weight
0.333


inputs/R2.dat
n: 30
g: 2

Objective value: 18.148

COMPONENT 1
Bucket order
17 30 | 11 | 7 10 | 16 | 13 19 | 5 | 25 | 22 | 29 | 3 12 | 6 | 18 | 8 | 4 | 14 | 24 | 21 | 20 27 | 2 9 | 1 | 15 26 28 | 23
Weight
0.5

COMPONENT 2
Bucket order
8 13 22 | 17 | 16 | 7 10 | 25 | 23 | 20 | 6 | 5 | 15 | 9 | 30 | 2 14 | 28 | 3 21 | 26 | 18 24 27 | 4 19 | 12 | 11 | 1 29
Weight
0.5


inputs/R4.dat
n: 30
g: 2

Objective value: 65.9115

COMPONENT 1
Bucket order
10 14 29 | 11 12 13 15 19 27 28 30 | 7 | 5 9 16 20 21 25 26 | 2 3 4 6 8 17 18 22 24 | 1 23
Weight
0.6665

COMPONENT 2
Bucket order
23 | 16 | 1 | 21 28 | 9 | 13 | 10 20 | 15 | 4 | 2 | 6 | 29 | 12 18 | 8 17 | 11 | 3 | 26 | 24 | 5 7 | 27 | 22 | 25 30 | 19 | 14
Weight
0.3335


inputs/R3.dat
n: 30
g: 2

Objective value: 63.928

COMPONENT 1
Bucket order
2 15 | 10 16 | 21 25 | 9 | 22 26 27 | 11 24 | 6 13 18 | 29 | 8 | 1 12 | 4 5 | 23 30 | 19 | 28 | 3 7 14 17 20
Weight
0.5975

COMPONENT 2
Bucket order
7 13 15 21 22 23 | 1 3 6 10 16 19 20 29 30 | 5 12 17 18 26 27 | 9 | 2 4 8 14 24 25 28 | 11
Weight
0.4025


inputs/R5.dat
n: 30
g: 2

Objective value: 56.373

COMPONENT 1
Bucket order
6 | 7 8 28 | 9 25 | 29 30 | 17 | 21 22 | 3 18 | 27 | 2 | 16 24 | 12 19 26 | 4 14 | 20 23 | 15 | 10 | 1 | 5 11 13
Weight
0.609

COMPONENT 2
Bucket order
6 25 | 2 5 7 8 9 13 17 22 | 20 | 1 4 10 11 16 27 29 30 | 15 19 | 12 | 18 26 | 3 21 23 24 | 14 28
Weight
0.391


inputs/R6.dat
n: 30
g: 2

Objective value: 86.767

COMPONENT 1
Bucket order
17 | 1 2 4 5 8 10 11 12 13 14 16 18 19 20 22 25 26 27 28 29 | 15 24 | 3 6 9 21 23 30 | 7
Weight
0.7065

COMPONENT 2
Bucket order
7 | 3 | 14 16 | 5 12 22 27 28 | 17 23 | 9 | 6 30 | 15 24 | 18 | 10 21 26 | 1 2 4 8 11 13 19 20 25 29
Weight
0.2935


inputs/R8.dat
n: 36
g: 2

Objective value: 24.567

COMPONENT 1
Bucket order
10 12 | 11 16 21 | 8 | 6 | 7 9 14 15 29 | 24 31 | 32 | 20 23 27 | 1 | 3 19 35 | 26 | 5 | 4 17 | 28 30 | 36 | 18 | 25 | 22 33 | 34 | 2 13
Weight
0.5

COMPONENT 2
Bucket order
6 9 | 5 31 | 25 28 | 1 3 26 | 17 | 4 20 | 34 | 18 29 | 10 | 13 16 | 14 23 | 27 32 | 36 | 12 | 24 35 | 7 22 | 15 30 | 19 | 2 8 | 11 | 21 33
Weight
0.5


inputs/R7.dat
n: 36
g: 2

Objective value: 25.027

COMPONENT 1
Bucket order
25 29 | 2 15 | 22 | 9 26 | 12 | 19 33 | 32 36 | 11 | 17 23 | 16 27 | 30 | 1 21 | 5 24 | 18 | 3 10 | 31 | 4 13 | 34 | 20 28 | 14 | 35 | 8 | 6 7
Weight
0.667

COMPONENT 2
Bucket order
3 21 | 23 | 7 12 | 10 11 30 33 | 31 | 9 14 18 | 20 22 34 | 6 | 15 | 2 8 26 | 16 | 1 5 | 32 35 | 24 28 | 19 25 29 | 13 17 | 36 | 4 27
Weight
0.333


inputs/R9.dat
n: 36
g: 2

Objective value: 88.015

COMPONENT 1
Bucket order
20 32 | 5 7 34 | 25 | 1 17 29 | 15 33 | 13 31 35 36 | 2 | 3 26 28 | 18 | 10 21 | 19 | 4 6 30 | 27 | 23 24 | 14 22 | 11 12 | 16 | 8 9
Weight
0.5915

COMPONENT 2
Bucket order
15 18 25 36 | 4 5 6 8 12 14 16 21 23 28 31 35 | 3 10 11 33 | 2 7 17 | 1 20 24 32 | 9 34 | 13 19 22 26 27 29 30
Weight
0.4085


inputs/R10.dat
n: 36
g: 2

Objective value: 103.503

COMPONENT 1
Bucket order
2 5 7 8 9 10 13 26 30 | 14 | 16 19 22 | 1 3 4 6 11 12 15 17 18 20 21 23 24 25 27 28 29 31 32 33 35 36 | 34
Weight
0.667

COMPONENT 2
Bucket order
9 | 24 36 | 17 | 25 | 6 28 | 33 35 | 18 | 21 | 31 | 4 | 27 | 14 22 | 29 | 10 | 11 | 15 | 30 | 16 | 2 | 12 32 | 19 | 8 | 1 34 | 23 | 5 | 20 26 | 13 | 3 | 7
Weight
0.333


inputs/R11.dat
n: 36
g: 2

Objective value: 106.634

COMPONENT 1
Bucket order
9 22 28 | 35 36 | 5 18 | 17 | 3 4 | 10 13 15 16 25 | 7 19 | 2 21 23 | 11 27 | 1 6 8 20 | 26 | 12 14 34 | 30 | 24 29 31 32 | 33
Weight
0.666

COMPONENT 2
Bucket order
10 | 4 | 6 17 31 | 1 11 26 28 32 33 36 | 5 19 23 27 34 | 18 | 8 | 2 3 7 9 12 15 20 25 30 | 35 | 22 | 14 16 24 29 | 13 21
Weight
0.334


inputs/R12.dat
n: 36
g: 2

Objective value: 138.095

COMPONENT 1
Bucket order
5 9 | 23 | 1 2 4 6 7 8 10 11 12 13 14 16 17 18 19 20 21 22 24 25 27 28 29 30 31 32 33 35 36 | 3 15 26 34
Weight
0.631

COMPONENT 2
Bucket order
9 11 15 21 | 18 22 | 4 | 16 26 | 27 | 8 | 3 14 | 13 36 | 1 2 6 12 17 19 20 24 28 29 30 32 33 35 | 10 25 | 23 | 5 7 | 34 | 31
Weight
0.369


inputs/R13.dat
n: 42
g: 2

Objective value: 33.773

COMPONENT 1
Bucket order
18 41 | 35 42 | 23 30 | 13 | 10 | 7 16 | 9 28 | 26 | 4 17 | 8 34 | 21 38 | 11 31 | 2 36 | 32 | 20 22 | 5 15 | 3 6 | 39 | 14 40 | 24 27 | 12 19 | 33 | 1 29 | 25 37
Weight
0.667

COMPONENT 2
Bucket order
1 24 | 11 27 33 | 41 | 9 18 26 | 3 8 | 28 | 12 15 | 10 35 | 5 | 13 31 34 | 42 | 2 16 | 4 | 7 39 | 19 29 | 23 36 | 17 25 38 40 | 20 | 14 | 6 32 | 21 37 | 22 30
Weight
0.333


inputs/R14.dat
n: 42
g: 2

Objective value: 33.51

COMPONENT 1
Bucket order
1 30 | 7 16 | 22 | 13 | 3 28 | 2 23 | 26 | 32 | 9 38 | 33 36 | 14 27 | 20 31 | 4 17 | 24 39 | 8 18 35 | 5 15 34 | 12 29 | 25 37 | 6 19 21 | 42 | 40 41 | 10 11
Weight
0.5

COMPONENT 2
Bucket order
10 14 | 1 4 24 38 | 21 | 13 37 | 11 16 | 3 | 6 12 | 19 26 | 30 | 2 28 | 29 36 | 31 39 | 22 40 | 27 32 | 7 8 25 | 18 | 20 33 | 35 41 | 42 | 9 23 | 5 15 17 34
Weight
0.5


inputs/R15.dat
n: 42
g: 2

Objective value: 140.38

COMPONENT 1
Bucket order
13 33 34 | 11 | 1 9 12 | 5 15 18 39 | 7 42 | 6 30 | 25 40 | 24 26 | 20 21 | 3 16 29 37 38 | 22 | 2 8 17 | 14 | 28 35 | 10 19 23 | 31 36 41 | 4 27 32
Weight
0.598

COMPONENT 2
Bucket order
9 10 22 30 32 33 | 6 21 38 | 26 28 29 37 | 13 14 23 39 | 15 35 | 11 12 | 1 8 17 24 34 | 3 7 18 20 31 41 | 19 | 2 27 36 42 | 4 16 25 40 | 5
Weight
0.402


inputs/R16.dat
n: 42
g: 2

Objective value: 141.076

COMPONENT 1
Bucket order
22 26 | 21 30 36 38 | 2 9 10 13 16 18 19 20 25 29 33 34 37 41 42 | 4 6 15 23 27 32 35 40 | 1 3 5 7 8 14 17 31 | 11 12 24 28 39
Weight
0.667

COMPONENT 2
Bucket order
24 26 | 38 | 14 | 20 | 6 | 13 | 29 | 1 3 | 4 | 9 | 2 | 17 28 | 7 | 8 | 23 32 35 | 27 | 15 | 40 | 34 | 18 | 25 | 33 | 36 | 41 | 37 | 21 | 12 | 10 | 5 | 11 31 | 19 | 42 | 16 | 30 | 22 39
Weight
0.333


inputs/R17.dat
n: 42
g: 2

Objective value: 131.528

COMPONENT 1
Bucket order
7 9 18 27 | 32 | 20 22 | 37 40 | 39 | 4 16 23 24 33 | 3 6 10 11 | 15 17 21 35 41 | 5 25 29 34 | 14 19 38 | 13 26 30 42 | 1 8 12 31 | 2 28 36
Weight
0.6565

COMPONENT 2
Bucket order
33 | 9 | 23 30 31 32 35 | 15 29 36 38 | 12 | 2 14 28 | 26 | 1 10 16 | 42 | 3 19 | 6 24 27 39 | 25 34 40 | 4 5 37 41 | 11 13 17 21 22 | 7 8 18 20
Weight
0.3435


inputs/R18.dat
n: 42
g: 2

Objective value: 225.849

COMPONENT 1
Bucket order
2 5 6 16 18 19 20 22 23 26 30 31 32 37 41 | 1 3 7 9 10 11 12 13 14 15 25 27 28 34 35 40 42 | 4 8 17 21 24 33 36 38 39 | 29
Weight
0.7415

COMPONENT 2
Bucket order
29 | 21 | 37 | 38 | 10 | 20 | 26 | 17 18 19 | 1 30 | 39 | 4 36 | 7 9 12 34 35 | 14 | 11 | 5 | 13 | 24 | 6 23 31 | 32 | 8 42 | 15 27 28 40 | 16 | 33 | 3 | 25 | 41 | 22 | 2
Weight
0.2585


inputs/R1.dat
n: 30
g: 3

Objective value: 12.172

COMPONENT 1
Bucket order
2 15 | 13 17 | 23 28 | 8 | 18 21 | 16 25 | 3 11 | 5 20 22 | 4 29 | 6 | 19 30 | 9 | 7 12 | 10 26 | 1 27 | 14 24
Weight
0.558

COMPONENT 2
Bucket order
4 20 27 | 3 | 26 | 29 | 22 | 15 24 | 28 | 13 16 18 21 | 7 11 23 | 12 | 8 | 1 10 25 | 2 30 | 5 | 14 17 | 9 19 | 6
Weight
0.333

COMPONENT 3
Bucket order
23 | 13 | 17 | 2 15 | 21 | 8 18 | 28 | 3 | 16 25 | 4 | 5 20 22 | 11 | 6 | 29 | 7 9 19 30 | 10 26 | 12 | 24 | 1 14 27
Weight
0.109


inputs/R2.dat
n: 30
g: 3

Objective value: 16.41

COMPONENT 1
Bucket order
17 30 | 11 | 7 | 10 | 16 | 13 19 | 5 | 22 25 | 29 | 3 12 | 6 | 18 | 8 | 4 | 14 | 24 | 21 | 20 27 | 9 | 2 | 1 | 15 23 26 28
Weight
0.469

COMPONENT 2
Bucket order
8 13 22 | 17 | 16 | 10 | 7 | 25 | 23 | 20 | 6 | 5 15 | 9 | 30 | 2 14 | 28 | 3 21 | 26 | 18 24 27 | 4 19 | 12 | 11 | 1 29
Weight
0.469

COMPONENT 3
Bucket order
7 | 17 | 25 | 10 13 22 | 5 8 16 30 | 6 | 2 3 4 9 11 12 14 15 18 19 20 21 23 24 26 27 28 29 | 1
Weight
0.062


inputs/R3.dat
n: 30
g: 3

Objective value: 17.631

COMPONENT 1
Bucket order
2 15 | 10 16 | 21 | 25 | 9 | 22 26 | 27 | 24 | 11 | 6 | 13 | 18 | 29 | 8 | 1 | 5 12 | 4 | 23 | 30 | 19 | 28 | 3 7 14 20 | 17
Weight
0.571

COMPONENT 2
Bucket order
21 22 | 7 13 | 23 | 15 | 6 10 29 | 3 19 | 16 | 20 | 12 | 1 | 30 | 5 27 | 18 | 8 9 26 | 17 28 | 2 | 24 25 | 4 | 11 14
Weight
0.286

COMPONENT 3
Bucket order
17 25 | 1 15 30 | 18 | 4 13 | 3 27 | 20 | 6 23 | 14 | 16 19 26 | 11 | 24 | 12 | 9 | 29 | 2 7 21 | 8 22 | 10 | 5 28
Weight
0.143


inputs/R4.dat
n: 30
g: 3

Objective value: 62.7855

COMPONENT 1
Bucket order
10 14 29 | 7 11 12 13 15 19 27 28 30 | 5 9 16 20 21 25 26 | 2 3 4 6 8 17 18 22 24 | 1 23
Weight
0.6395

COMPONENT 2
Bucket order
23 | 16 | 1 | 21 28 | 9 | 13 | 10 20 | 15 | 4 | 2 | 6 | 29 | 12 18 | 8 17 27 | 11 | 3 | 26 | 24 | 5 7 | 22 | 25 | 30 | 19 | 14
Weight
0.328

COMPONENT 3
Bucket order
11 16 30 | 12 13 15 28 | 14 | 27 | 19 | 10 | 18 | 29 | 6 24 | 4 9 | 23 | 22 | 5 25 | 26 | 1 7 20 | 3 8 17 | 2 | 21
Weight
0.0325


inputs/R5.dat
n: 30
g: 3

Objective value: 29.59

COMPONENT 1
Bucket order
6 7 | 8 | 28 | 9 25 | 29 | 17 22 30 | 21 | 3 18 | 2 27 | 16 24 | 12 19 | 26 | 4 14 | 20 23 | 10 15 | 1 | 5 | 11 13
Weight
0.5495

COMPONENT 2
Bucket order
6 25 | 17 | 2 7 8 13 22 | 5 9 | 10 16 20 30 | 29 | 1 4 27 | 11 19 | 12 15 | 18 24 26 | 21 | 23 | 3 14 28
Weight
0.316

COMPONENT 3
Bucket order
6 | 1 26 | 3 | 25 | 9 | 28 | 11 | 4 13 | 5 8 14 20 23 | 18 21 27 | 30 | 24 | 2 7 12 15 16 17 19 22 29 | 10
Weight
0.1345


inputs/R6.dat
n: 30
g: 3

Objective value: 50.624

COMPONENT 1
Bucket order
1 10 17 | 2 4 8 11 12 13 14 16 18 19 20 22 25 26 27 28 | 5 15 24 29 | 9 21 23 30 | 3 6 7
Weight
0.5025

COMPONENT 2
Bucket order
3 5 | 7 | 29 | 12 14 | 16 22 | 28 | 27 | 23 | 17 | 6 | 9 | 30 | 13 | 18 | 2 | 15 | 24 | 11 | 26 | 4 | 25 | 10 | 8 | 1 | 21 | 19 | 20
Weight
0.25125

COMPONENT 3
Bucket order
16 17 | 14 | 5 | 27 | 26 | 9 | 28 | 6 | 22 | 29 | 19 | 20 | 24 25 | 12 | 15 | 7 18 | 21 | 11 | 3 | 4 | 10 | 13 | 2 8 | 1 23 30
Weight
0.24625


inputs/R7.dat
n: 36
g: 3

Objective value: 24.613

COMPONENT 1
Bucket order
25 29 | 2 15 | 22 | 9 26 | 12 | 19 33 | 32 36 | 11 | 17 23 | 16 27 | 30 | 1 21 | 5 24 | 18 | 3 10 | 31 | 4 13 | 34 | 20 28 | 14 | 35 | 8 | 6 7
Weight
0.662

COMPONENT 2
Bucket order
3 21 | 23 | 7 12 | 10 11 30 33 | 31 | 9 14 18 | 20 22 34 | 6 | 15 | 2 8 26 | 16 | 1 5 | 32 35 | 24 28 | 19 25 29 | 13 17 | 36 | 4 27
Weight
0.328

COMPONENT 3
Bucket order
33 | 12 | 9 | 22 | 1 2 3 6 7 10 11 14 15 16 17 18 19 20 21 23 25 26 27 29 30 31 32 34 36 | 28 | 24 | 35 | 5 | 4 8 | 13
Weight
0.01


inputs/R8.dat
n: 36
g: 3

Objective value: 24.224

COMPONENT 1
Bucket order
10 12 | 11 16 21 | 8 | 6 | 7 9 14 15 29 | 24 31 | 32 | 20 23 27 | 1 | 3 19 35 | 26 | 5 | 4 17 | 28 30 | 36 | 18 | 25 | 22 33 | 34 | 2 13
Weight
0.4945

COMPONENT 2
Bucket order
6 9 | 5 31 | 25 28 | 1 3 26 | 17 | 4 20 | 34 | 18 29 | 10 | 13 16 | 14 23 | 27 32 | 36 | 12 | 24 35 | 7 | 22 | 15 30 | 19 | 2 8 | 11 | 21 33
Weight
0.4945

COMPONENT 3
Bucket order
1 3 4 5 6 7 8 9 10 11 12 13 14 15 16 17 18 19 20 21 22 23 24 25 26 27 28 29 31 32 34 35 36 | 2 | 30 33
Weight
0.011


inputs/R10.dat
n: 36
g: 3

Objective value: 102.002

COMPONENT 1
Bucket order
2 5 7 8 9 10 13 22 26 30 | 14 16 | 19 | 1 3 4 6 11 12 15 17 18 20 21 23 24 25 27 28 29 31 32 33 35 36 | 34
Weight
0.662

COMPONENT 2
Bucket order
9 | 24 36 | 17 | 25 | 6 28 | 33 35 | 31 | 18 | 4 | 27 | 14 | 29 | 10 | 11 | 21 | 15 | 30 | 32 | 19 | 16 | 2 | 12 | 8 | 1 34 | 5 | 20 26 | 22 | 23 | 13 | 3 | 7
Weight
0.328

COMPONENT 3
Bucket order
24 | 21 | 36 | 14 | 9 | 22 | 1 | 2 3 4 5 6 7 8 10 11 12 13 15 16 17 18 19 25 26 29 30 31 32 33 34 35 | 28 | 23 | 20 | 27
Weight
0.01


inputs/R9.dat
n: 36
g: 3

Objective value: 60.503

COMPONENT 1
Bucket order
20 32 | 5 7 | 25 34 | 1 17 29 | 15 33 | 13 31 35 36 | 2 28 | 3 18 26 | 10 21 | 4 19 | 6 30 | 27 | 23 | 14 24 | 12 22 | 11 | 16 | 8 9
Weight
0.53

COMPONENT 2
Bucket order
18 25 36 | 5 14 15 28 | 35 | 6 21 23 31 | 4 8 12 | 10 | 16 | 11 | 33 | 2 3 7 | 17 32 | 1 20 | 9 19 22 24 34 | 29 | 13 26 27 30
Weight
0.33

COMPONENT 3
Bucket order
24 | 20 | 6 | 15 | 26 | 33 | 3 9 13 17 21 31 | 1 4 5 8 11 16 18 19 22 25 27 29 30 34 35 36 | 10 | 12 | 2 7 14 23 28 32
Weight
0.14


inputs/R11.dat
n: 36
g: 3

Objective value: 106.41

COMPONENT 1
Bucket order
9 22 28 | 35 36 | 5 18 | 17 | 3 | 4 | 10 13 15 16 25 | 7 19 | 2 21 23 | 11 | 1 6 8 20 27 | 26 | 12 14 34 | 30 | 24 29 31 32 | 33
Weight
0.666

COMPONENT 2
Bucket order
4 6 10 31 | 1 11 17 23 26 27 28 32 33 34 36 | 19 | 5 | 18 | 8 | 2 3 7 9 12 15 20 25 30 | 35 | 22 | 14 16 24 29 | 13 21
Weight
0.334

COMPONENT 3
Bucket order
1 2 3 4 5 7 8 9 10 11 12 13 14 15 16 17 18 19 20 21 22 23 24 25 26 27 29 30 31 32 33 34 35 36 | 28 | 6
Weight
0


inputs/R12.dat
n: 36
g: 3

Objective value: 136.929

COMPONENT 1
Bucket order
5 9 | 23 | 1 2 4 6 7 8 10 11 12 13 14 16 17 18 19 20 21 22 24 25 27 28 29 30 31 32 33 35 36 | 3 | 15 26 34
Weight
0.631

COMPONENT 2
Bucket order
9 11 15 18 21 | 22 | 4 | 16 26 | 27 | 8 | 3 14 | 13 36 | 1 2 6 12 17 19 20 24 25 28 29 30 32 33 35 | 10 23 | 5 7 | 34 | 31
Weight
0.369

COMPONENT 3
Bucket order
23 | 2 3 4 5 6 8 9 11 12 13 14 15 16 17 18 19 20 21 22 24 25 26 27 28 29 30 31 32 33 34 35 36 | 1 | 7 10
Weight
0


inputs/R14.dat
n: 42
g: 3

Objective value: 33.51

COMPONENT 1
Bucket order
1 30 | 7 16 | 22 | 13 | 3 28 | 2 23 | 26 | 32 | 9 38 | 33 36 | 14 27 | 20 31 | 4 17 | 24 39 | 8 18 35 | 5 15 34 | 12 29 | 25 37 | 6 19 21 | 42 | 40 41 | 10 11
Weight
0.5

COMPONENT 2
Bucket order
10 14 | 1 4 24 38 | 21 | 13 37 | 11 16 | 3 | 6 12 | 19 26 | 30 | 2 28 | 29 36 | 31 39 | 22 40 | 27 32 | 7 8 25 | 18 | 20 33 | 35 41 | 42 | 9 23 | 5 15 17 34
Weight
0.5

COMPONENT 3
Bucket order
1 2 3 4 5 6 7 8 9 10 11 12 13 14 15 16 17 18 19 20 21 22 23 24 25 26 27 28 29 30 31 32 33 34 35 36 37 38 39 40 41 42
Weight
0


inputs/R13.dat
n: 42
g: 3

Objective value: 33.773

COMPONENT 1
Bucket order
18 41 | 35 42 | 23 30 | 13 | 10 | 7 16 | 9 28 | 26 | 4 17 | 8 34 | 21 38 | 11 31 | 2 36 | 32 | 20 22 | 5 15 | 3 6 | 39 | 14 40 | 24 27 | 12 19 | 33 | 1 29 | 25 37
Weight
0.667

COMPONENT 2
Bucket order
1 24 | 11 27 33 | 41 | 9 18 26 | 3 8 | 28 | 12 15 | 10 35 | 5 | 13 31 34 | 42 | 2 16 | 4 | 7 39 | 19 29 | 23 36 | 17 25 38 40 | 20 | 14 | 6 32 | 21 37 | 22 30
Weight
0.333

COMPONENT 3
Bucket order
1 2 3 4 5 6 7 8 9 10 11 12 13 14 15 16 17 18 19 20 21 22 23 24 25 26 27 28 29 30 31 32 33 34 35 36 37 38 39 40 41 42
Weight
0


inputs/R15.dat
n: 42
g: 3

Objective value: 140.38

COMPONENT 1
Bucket order
13 33 34 | 11 | 1 9 12 | 5 15 18 39 | 7 42 | 6 30 | 25 40 | 24 26 | 20 21 | 3 16 29 37 38 | 22 | 2 8 17 | 14 | 28 35 | 10 19 23 | 31 36 41 | 4 27 32
Weight
0.598

COMPONENT 2
Bucket order
9 10 22 30 32 33 | 6 21 38 | 26 28 29 37 | 13 14 23 39 | 15 35 | 11 12 | 1 8 17 24 34 | 3 7 18 20 31 41 | 19 | 2 27 36 42 | 4 16 25 40 | 5
Weight
0.402

COMPONENT 3
Bucket order
1 2 3 4 5 6 7 8 9 10 11 12 13 14 15 16 17 18 19 20 21 22 23 24 25 26 27 28 29 30 31 32 33 34 35 36 37 38 39 40 41 42
Weight
0


inputs/R16.dat
n: 42
g: 3

Objective value: 141.076

COMPONENT 1
Bucket order
22 26 | 21 30 36 38 | 2 9 10 13 16 18 19 20 25 29 33 34 37 41 42 | 4 6 15 23 27 32 35 40 | 1 3 5 7 8 14 17 31 | 11 12 24 28 39
Weight
0.667

COMPONENT 2
Bucket order
24 26 | 38 | 14 | 20 | 6 | 13 | 29 | 1 3 | 4 | 9 | 2 | 17 28 | 7 | 8 | 23 32 35 | 27 | 15 | 40 | 34 | 18 | 25 | 33 | 36 | 41 | 37 | 21 | 12 | 10 | 5 | 11 31 | 19 | 42 | 16 | 30 | 22 39
Weight
0.333

COMPONENT 3
Bucket order
1 2 3 4 5 6 7 8 9 10 11 12 13 14 15 16 17 18 19 20 21 22 23 24 25 26 27 28 29 30 31 32 33 34 35 36 37 38 39 40 41 42
Weight
0


inputs/R18.dat
n: 42
g: 3

Objective value: 225.849

COMPONENT 1
Bucket order
2 5 6 16 18 19 20 22 23 26 30 31 32 37 41 | 1 3 7 9 10 11 12 13 14 15 25 27 28 34 35 40 42 | 4 8 17 21 24 33 36 38 39 | 29
Weight
0.7415

COMPONENT 2
Bucket order
29 | 21 | 37 | 38 | 10 | 20 | 26 | 17 18 19 | 1 30 | 39 | 4 36 | 7 9 12 34 35 | 14 | 11 | 5 | 13 | 24 | 6 23 31 | 32 | 8 42 | 15 27 28 40 | 16 | 33 | 3 | 25 | 41 | 22 | 2
Weight
0.2585

COMPONENT 3
Bucket order
1 2 3 4 5 6 7 8 9 10 11 12 13 14 15 16 17 18 19 20 21 22 23 24 25 26 27 28 29 30 31 32 33 34 35 36 37 38 39 40 41 42
Weight
0


inputs/R17.dat
n: 42
g: 3

Objective value: 131.528

COMPONENT 1
Bucket order
7 9 18 27 | 32 | 20 22 | 37 40 | 39 | 4 16 23 24 33 | 3 6 10 11 | 15 17 21 35 41 | 5 25 29 34 | 14 19 38 | 13 26 30 42 | 1 8 12 31 | 2 28 36
Weight
0.6565

COMPONENT 2
Bucket order
33 | 9 | 23 30 31 32 35 | 15 29 36 38 | 12 | 2 14 28 | 26 | 1 10 16 | 42 | 3 19 | 6 24 27 39 | 25 34 40 | 4 5 37 41 | 11 13 17 21 22 | 7 8 18 20
Weight
0.3435

COMPONENT 3
Bucket order
1 2 3 4 5 6 7 8 9 10 11 12 13 14 15 16 17 18 19 20 21 22 23 24 25 26 27 28 29 30 31 32 33 34 35 36 37 38 39 40 41 42
Weight
0


inputs/R1.dat
n: 30
g: 4

Objective value: 11.5395

COMPONENT 1
Bucket order
2 15 | 13 17 | 23 28 | 8 | 18 21 | 16 25 | 3 11 | 5 20 22 | 4 29 | 6 | 19 30 | 9 | 7 12 | 10 26 | 1 27 | 14 24
Weight
0.5495

COMPONENT 2
Bucket order
4 20 27 | 3 | 26 | 29 | 22 | 15 24 | 28 | 13 16 18 21 | 7 11 23 | 12 | 8 | 1 10 25 | 2 30 | 5 | 14 17 | 9 19 | 6
Weight
0.32

COMPONENT 3
Bucket order
23 | 13 | 17 | 2 15 | 21 | 8 18 | 28 | 3 | 16 25 | 4 | 5 20 22 | 11 | 6 | 29 | 7 9 19 30 | 10 26 | 12 | 24 | 1 14 27
Weight
0.1045

COMPONENT 4
Bucket order
3 28 | 15 | 2 4 8 11 13 16 17 18 20 21 22 23 24 25 26 27 29 | 5 | 30 | 1 19 | 10 | 7 | 6 12 | 9 | 14
Weight
0.026


inputs/R2.dat
n: 30
g: 4

Objective value: 10.932

COMPONENT 1
Bucket order
17 30 | 11 | 10 | 16 | 7 | 13 19 | 5 | 25 | 22 | 29 | 3 12 | 6 18 | 4 8 | 14 | 21 24 | 20 27 | 9 | 2 | 1 | 15 26 28 | 23
Weight
0.4145

COMPONENT 2
Bucket order
8 13 22 | 7 17 | 16 | 10 | 23 25 | 20 | 5 6 | 15 | 9 | 30 | 2 14 | 28 | 3 21 | 26 | 18 24 27 | 4 19 | 11 12 | 1 29
Weight
0.4145

COMPONENT 3
Bucket order
17 | 7 8 13 22 | 16 25 | 10 | 6 | 5 20 | 2 | 30 | 12 | 18 24 | 3 14 21 | 4 | 9 | 27 | 23 | 26 | 15 28 | 19 | 1 | 29 | 11
Weight
0.0855

COMPONENT 4
Bucket order
10 | 11 | 17 30 | 13 19 | 7 | 16 | 29 | 22 | 25 | 6 8 23 | 9 | 15 | 5 | 3 | 28 | 14 | 4 | 18 | 20 24 27 | 26 | 21 | 1 12 | 2
Weight
0.0855


inputs/R4.dat
n: 30
g: 4

Objective value: 47.829

COMPONENT 1
Bucket order
10 19 | 11 | 14 | 29 | 12 | 30 | 7 | 27 | 13 | 28 | 21 | 15 | 5 9 16 20 25 26 | 2 | 3 | 4 | 8 | 24 | 17 22 | 18 | 6 | 1 23
Weight
0.333

COMPONENT 2
Bucket order
16 | 1 | 28 | 9 21 | 10 | 13 20 | 15 | 4 | 2 | 6 | 29 | 12 18 | 8 17 27 | 11 | 3 | 23 | 26 | 5 7 | 14 | 22 | 24 | 25 30 | 19
Weight
0.333

COMPONENT 3
Bucket order
23 | 15 29 | 13 | 30 | 14 | 28 | 27 | 10 | 12 | 19 | 11 | 24 | 7 | 9 16 18 25 | 6 | 5 20 22 26 | 4 | 17 | 21 | 1 8 | 3 | 2
Weight
0.3015

COMPONENT 4
Bucket order
29 | 21 | 26 | 11 | 16 | 13 28 | 14 | 10 | 15 23 | 24 | 30 | 9 | 27 | 20 | 19 | 5 12 17 25 | 6 | 8 | 4 | 18 | 22 | 7 | 3 | 2 | 1
Weight
0.0325


inputs/R3.dat
n: 30
g: 4

Objective value: 16.979

COMPONENT 1
Bucket order
2 15 | 10 16 | 21 | 25 | 9 | 22 26 | 27 | 24 | 6 11 | 13 | 18 | 29 | 1 8 | 5 12 | 4 | 23 | 30 | 19 | 28 | 3 7 14 20 | 17
Weight
0.561

COMPONENT 2
Bucket order
21 22 | 7 13 | 23 | 15 | 6 10 29 | 3 19 | 16 | 20 | 12 | 1 | 30 | 5 27 | 18 | 8 9 26 | 17 28 | 2 | 24 25 | 4 | 11 14
Weight
0.286

COMPONENT 3
Bucket order
17 25 | 1 15 30 | 18 | 4 13 | 3 27 | 20 | 6 23 | 14 | 16 19 26 | 11 | 24 | 12 | 9 | 29 | 2 7 21 | 8 22 | 10 | 5 28
Weight
0.133

COMPONENT 4
Bucket order
15 | 1 2 3 4 6 8 9 10 11 12 13 14 16 17 18 19 20 21 22 23 24 25 26 27 30 | 5 7 29 | 28
Weight
0.02


inputs/R5.dat
n: 30
g: 4

Objective value: 17.428

COMPONENT 1
Bucket order
6 7 | 8 | 28 | 9 25 | 29 | 17 22 30 | 21 | 3 18 | 2 27 | 16 24 | 12 19 | 26 | 4 14 | 20 23 | 10 15 | 1 | 5 | 11 13
Weight
0.533

COMPONENT 2
Bucket order
6 25 | 17 | 2 7 8 13 22 | 5 9 | 20 | 10 16 30 | 1 29 | 4 27 | 11 | 19 | 12 15 | 18 | 26 | 24 | 21 | 3 23 | 14 28
Weight
0.267

COMPONENT 3
Bucket order
6 | 1 26 | 3 | 25 | 9 | 28 | 13 | 8 11 | 4 20 | 5 23 | 14 | 18 | 21 | 7 | 27 | 2 | 30 | 22 | 24 | 15 17 29 | 10 12 16 19
Weight
0.133

COMPONENT 4
Bucket order
30 | 6 | 27 | 4 | 25 | 9 | 16 19 | 17 21 | 29 | 12 | 24 | 2 11 | 28 | 14 | 23 | 13 | 5 | 8 | 1 26 | 15 | 10 | 22 | 18 20 | 3 | 7
Weight
0.067


inputs/R6.dat
n: 30
g: 4

Objective value: 49.2565

COMPONENT 1
Bucket order
1 10 17 | 2 4 8 11 12 13 14 16 18 19 22 25 26 27 28 | 5 15 24 29 | 20 | 9 21 23 30 | 3 6 7
Weight
0.4955

COMPONENT 2
Bucket order
3 5 | 7 | 29 | 12 | 16 | 14 | 28 | 22 | 27 | 17 23 | 6 | 9 | 30 | 20 | 13 | 15 | 24 | 18 | 11 | 2 | 26 | 4 | 25 | 10 | 8 | 1 | 21 | 19
Weight
0.25

COMPONENT 3
Bucket order
17 20 | 14 | 5 | 27 | 9 | 6 | 16 22 | 18 26 | 28 | 29 | 19 | 24 25 | 12 | 15 | 7 | 21 | 11 | 3 | 4 | 10 | 13 | 2 8 | 1 23 30
Weight
0.2455

COMPONENT 4
Bucket order
22 | 18 | 14 | 28 | 23 | 21 | 12 | 8 | 29 | 5 | 19 | 1 | 17 | 4 10 20 | 2 27 | 15 | 13 24 | 11 | 7 | 3 25 | 26 | 6 | 9 | 30 | 16
Weight
0.009


inputs/R8.dat
n: 36
g: 4

Objective value: 24.224

COMPONENT 1
Bucket order
10 12 | 11 16 21 | 8 | 6 | 7 9 14 15 29 | 24 31 | 32 | 20 23 27 | 1 | 3 19 35 | 26 | 5 | 4 17 | 28 30 | 36 | 18 | 25 | 22 33 | 34 | 2 13
Weight
0.4945

COMPONENT 2
Bucket order
6 9 | 5 31 | 25 28 | 1 3 26 | 17 | 4 20 | 34 | 18 29 | 10 | 13 16 | 14 23 | 27 32 | 36 | 12 | 24 35 | 7 | 22 | 15 30 | 19 | 2 8 | 11 | 21 33
Weight
0.4945

COMPONENT 3
Bucket order
1 3 4 5 6 7 8 9 10 11 12 13 14 15 16 17 18 19 20 21 22 23 24 25 26 27 28 29 31 32 34 35 36 | 2 | 30 33
Weight
0.011

COMPONENT 4
Bucket order
1 2 3 4 5 6 7 8 9 10 11 12 13 14 15 16 17 18 19 20 21 22 23 24 25 26 27 28 29 30 31 32 33 34 35 36
Weight
0


inputs/R7.dat
n: 36
g: 4

Objective value: 24.585

COMPONENT 1
Bucket order
25 29 | 2 15 | 22 | 26 | 9 12 | 19 33 | 32 36 | 11 | 17 | 23 | 16 27 | 30 | 1 21 | 5 24 | 18 | 3 10 | 31 | 4 13 | 34 | 20 28 | 14 | 35 | 8 | 6 7
Weight
0.662

COMPONENT 2
Bucket order
3 21 | 23 | 7 12 | 10 11 30 33 | 31 | 9 14 18 | 20 22 34 | 6 | 15 | 2 8 26 | 16 | 1 5 | 32 35 | 24 28 | 19 25 29 | 13 17 | 36 | 4 27
Weight
0.328

COMPONENT 3
Bucket order
33 | 9 | 12 | 22 23 | 1 2 3 6 7 10 11 14 15 16 17 18 19 20 21 25 26 27 29 30 31 32 34 36 | 8 24 | 28 | 35 | 5 | 4 | 13
Weight
0.01

COMPONENT 4
Bucket order
8 29 | 1 2 3 4 5 6 7 10 11 12 13 14 15 16 17 18 19 20 21 22 23 24 25 26 27 28 31 32 33 34 35 36 | 9 | 30
Weight
0


inputs/R9.dat
n: 36
g: 4

Objective value: 60.503

COMPONENT 1
Bucket order
20 32 | 5 7 | 25 34 | 1 17 29 | 15 33 | 13 31 35 36 | 2 28 | 3 18 26 | 10 21 | 4 19 | 6 30 | 27 | 23 | 14 24 | 12 22 | 11 | 16 | 8 9
Weight
0.53

COMPONENT 2
Bucket order
18 25 36 | 5 14 15 28 | 35 | 6 21 23 31 | 4 8 12 | 10 | 16 | 11 | 33 | 2 3 7 | 17 32 | 1 20 | 9 19 22 24 34 | 29 | 13 26 27 30
Weight
0.33

COMPONENT 3
Bucket order
24 | 20 | 6 | 15 | 26 | 33 | 3 9 13 17 21 31 | 1 4 5 8 11 16 18 19 22 25 27 29 30 34 35 36 | 10 | 12 | 2 7 14 23 28 32
Weight
0.14

COMPONENT 4
Bucket order
1 2 3 4 5 6 7 8 9 10 11 12 13 14 15 16 17 18 19 20 21 22 23 24 25 26 27 28 29 30 31 32 33 34 35 36
Weight
0


inputs/R10.dat
n: 36
g: 4

Objective value: 102.002

COMPONENT 1
Bucket order
2 5 7 8 9 10 13 22 26 30 | 14 16 | 19 | 1 3 4 6 11 12 15 17 18 20 21 23 24 25 27 28 29 31 32 33 35 36 | 34
Weight
0.662

COMPONENT 2
Bucket order
9 | 24 36 | 17 | 25 | 6 28 | 33 35 | 31 | 18 | 4 | 27 | 14 | 29 | 10 | 11 | 21 | 15 | 30 | 32 | 19 | 16 | 2 | 12 | 8 | 1 34 | 5 | 20 26 | 22 | 23 | 13 | 3 | 7
Weight
0.328

COMPONENT 3
Bucket order
24 | 21 | 36 | 14 | 9 | 22 | 1 | 2 3 4 5 6 7 8 10 11 12 13 15 16 17 18 19 25 26 29 30 31 32 33 34 35 | 28 | 23 | 20 | 27
Weight
0.01

COMPONENT 4
Bucket order
1 2 3 4 5 6 7 8 9 10 11 12 13 14 15 16 17 18 19 20 21 22 23 24 25 26 27 28 29 30 31 32 33 34 35 36
Weight
0


inputs/R12.dat
n: 36
g: 4

Objective value: 136.929

COMPONENT 1
Bucket order
5 9 | 23 | 1 2 4 6 7 8 10 11 12 13 14 16 17 18 19 20 21 22 24 25 27 28 29 30 31 32 33 35 36 | 3 | 15 26 34
Weight
0.631

COMPONENT 2
Bucket order
9 11 15 18 21 | 22 | 4 | 16 26 | 27 | 8 | 3 14 | 13 36 | 1 2 6 12 17 19 20 24 25 28 29 30 32 33 35 | 10 23 | 5 7 | 34 | 31
Weight
0.369

COMPONENT 3
Bucket order
23 | 2 3 4 5 6 8 9 11 12 13 14 15 16 17 18 19 20 21 22 24 25 26 27 28 29 30 31 32 33 34 35 36 | 1 | 7 10
Weight
0

COMPONENT 4
Bucket order
1 2 3 4 5 6 7 8 9 10 11 12 13 14 15 16 17 18 19 20 21 22 23 24 25 26 27 28 29 30 31 32 33 34 35 36
Weight
0


inputs/R11.dat
n: 36
g: 4

Objective value: 105.858

COMPONENT 1
Bucket order
9 22 28 | 35 36 | 5 | 3 17 18 | 4 | 10 13 15 16 25 | 7 19 | 2 21 23 | 11 | 1 6 8 20 27 | 26 | 12 14 34 | 30 | 24 29 31 32 | 33
Weight
0.666

COMPONENT 2
Bucket order
4 6 10 31 | 17 | 1 11 23 26 27 28 32 33 34 36 | 19 | 18 | 5 8 | 2 3 7 9 12 15 20 25 30 | 35 | 22 | 14 16 24 29 | 13 21
Weight
0.334

COMPONENT 3
Bucket order
1 2 3 4 5 7 8 9 10 11 12 13 14 15 16 17 18 19 20 21 22 23 24 25 26 27 29 30 31 32 33 34 35 36 | 6 28
Weight
0

COMPONENT 4
Bucket order
1 2 3 4 5 6 7 8 10 11 12 13 14 15 16 17 18 19 20 21 22 23 24 25 26 27 28 29 30 31 32 33 34 35 36 | 9
Weight
0


inputs/R13.dat
n: 42
g: 4

Objective value: 33.773

COMPONENT 1
Bucket order
18 41 | 35 42 | 23 30 | 13 | 10 | 7 16 | 9 28 | 26 | 4 17 | 8 34 | 21 38 | 11 31 | 2 36 | 32 | 20 22 | 5 15 | 3 6 | 39 | 14 40 | 24 27 | 12 19 | 33 | 1 29 | 25 37
Weight
0.667

COMPONENT 2
Bucket order
1 24 | 11 27 33 | 41 | 9 18 26 | 3 8 | 28 | 12 15 | 10 35 | 5 | 13 31 34 | 42 | 2 16 | 4 | 7 39 | 19 29 | 23 36 | 17 25 38 40 | 20 | 14 | 6 32 | 21 37 | 22 30
Weight
0.333

COMPONENT 3
Bucket order
1 2 3 4 5 6 7 8 9 10 11 12 13 14 15 16 17 18 19 20 21 22 23 24 25 26 27 28 29 30 31 32 33 34 35 36 37 38 39 40 41 42
Weight
0

COMPONENT 4
Bucket order
1 2 3 4 5 6 7 8 9 10 11 12 13 14 15 16 17 18 19 20 21 22 23 24 25 26 27 28 29 30 31 32 33 34 35 36 37 38 39 40 41 42
Weight
0


inputs/R14.dat
n: 42
g: 4

Objective value: 33.51

COMPONENT 1
Bucket order
1 30 | 7 16 | 22 | 13 | 3 28 | 2 23 | 26 | 32 | 9 38 | 33 36 | 14 27 | 20 31 | 4 17 | 24 39 | 8 18 35 | 5 15 34 | 12 29 | 25 37 | 6 19 21 | 42 | 40 41 | 10 11
Weight
0.5

COMPONENT 2
Bucket order
10 14 | 1 4 24 38 | 21 | 13 37 | 11 16 | 3 | 6 12 | 19 26 | 30 | 2 28 | 29 36 | 31 39 | 22 40 | 27 32 | 7 8 25 | 18 | 20 33 | 35 41 | 42 | 9 23 | 5 15 17 34
Weight
0.5

COMPONENT 3
Bucket order
1 2 3 4 5 6 7 8 9 10 11 12 13 14 15 16 17 18 19 20 21 22 23 24 25 26 27 28 29 30 31 32 33 34 35 36 37 38 39 40 41 42
Weight
0

COMPONENT 4
Bucket order
1 2 3 4 5 6 7 8 9 10 11 12 13 14 15 16 17 18 19 20 21 22 23 24 25 26 27 28 29 30 31 32 33 34 35 36 37 38 39 40 41 42
Weight
0


inputs/R16.dat
n: 42
g: 4

Objective value: 141.076

COMPONENT 1
Bucket order
22 26 | 21 30 36 38 | 2 9 10 13 16 18 19 20 25 29 33 34 37 41 42 | 4 6 15 23 27 32 35 40 | 1 3 5 7 8 14 17 31 | 11 12 24 28 39
Weight
0.667

COMPONENT 2
Bucket order
24 26 | 38 | 14 | 20 | 6 | 13 | 29 | 1 3 | 4 | 9 | 2 | 17 28 | 7 | 8 | 23 32 35 | 27 | 15 | 40 | 34 | 18 | 25 | 33 | 36 | 41 | 37 | 21 | 12 | 10 | 5 | 11 31 | 19 | 42 | 16 | 30 | 22 39
Weight
0.333

COMPONENT 3
Bucket order
1 2 3 4 5 6 7 8 9 10 11 12 13 14 15 16 17 18 19 20 21 22 23 24 25 26 27 28 29 30 31 32 33 34 35 36 37 38 39 40 41 42
Weight
0

COMPONENT 4
Bucket order
1 2 3 4 5 6 7 8 9 10 11 12 13 14 15 16 17 18 19 20 21 22 23 24 25 26 27 28 29 30 31 32 33 34 35 36 37 38 39 40 41 42
Weight
0


inputs/R15.dat
n: 42
g: 4

Objective value: 140.38

COMPONENT 1
Bucket order
13 33 34 | 11 | 1 9 12 | 5 15 18 39 | 7 42 | 6 30 | 25 40 | 24 26 | 20 21 | 3 16 29 37 38 | 22 | 2 8 17 | 14 | 28 35 | 10 19 23 | 31 36 41 | 4 27 32
Weight
0.598

COMPONENT 2
Bucket order
9 10 22 30 32 33 | 6 21 38 | 26 28 29 37 | 13 14 23 39 | 15 35 | 11 12 | 1 8 17 24 34 | 3 7 18 20 31 41 | 19 | 2 27 36 42 | 4 16 25 40 | 5
Weight
0.402

COMPONENT 3
Bucket order
1 2 3 4 5 6 7 8 9 10 11 12 13 14 15 16 17 18 19 20 21 22 23 24 25 26 27 28 29 30 31 32 33 34 35 36 37 38 39 40 41 42
Weight
0

COMPONENT 4
Bucket order
1 2 3 4 5 6 7 8 9 10 11 12 13 14 15 16 17 18 19 20 21 22 23 24 25 26 27 28 29 30 31 32 33 34 35 36 37 38 39 40 41 42
Weight
0


inputs/R17.dat
n: 42
g: 4

Objective value: 131.528

COMPONENT 1
Bucket order
7 9 18 27 | 32 | 20 22 | 37 40 | 39 | 4 16 23 24 33 | 3 6 10 11 | 15 17 21 35 41 | 5 25 29 34 | 14 19 38 | 13 26 30 42 | 1 8 12 31 | 2 28 36
Weight
0.6565

COMPONENT 2
Bucket order
33 | 9 | 23 30 31 32 35 | 15 29 36 38 | 12 | 2 14 28 | 26 | 1 10 16 | 42 | 3 19 | 6 24 27 39 | 25 34 40 | 4 5 37 41 | 11 13 17 21 22 | 7 8 18 20
Weight
0.3435

COMPONENT 3
Bucket order
1 2 3 4 5 6 7 8 9 10 11 12 13 14 15 16 17 18 19 20 21 22 23 24 25 26 27 28 29 30 31 32 33 34 35 36 37 38 39 40 41 42
Weight
0

COMPONENT 4
Bucket order
1 2 3 4 5 6 7 8 9 10 11 12 13 14 15 16 17 18 19 20 21 22 23 24 25 26 27 28 29 30 31 32 33 34 35 36 37 38 39 40 41 42
Weight
0


inputs/R18.dat
n: 42
g: 4

Objective value: 225.849

COMPONENT 1
Bucket order
2 5 6 16 18 19 20 22 23 26 30 31 32 37 41 | 1 3 7 9 10 11 12 13 14 15 25 27 28 34 35 40 42 | 4 8 17 21 24 33 36 38 39 | 29
Weight
0.7415

COMPONENT 2
Bucket order
29 | 21 | 37 | 38 | 10 | 20 | 26 | 17 18 19 | 1 30 | 39 | 4 36 | 7 9 12 34 35 | 14 | 11 | 5 | 13 | 24 | 6 23 31 | 32 | 8 42 | 15 27 28 40 | 16 | 33 | 3 | 25 | 41 | 22 | 2
Weight
0.2585

COMPONENT 3
Bucket order
1 2 3 4 5 6 7 8 9 10 11 12 13 14 15 16 17 18 19 20 21 22 23 24 25 26 27 28 29 30 31 32 33 34 35 36 37 38 39 40 41 42
Weight
0

COMPONENT 4
Bucket order
1 2 3 4 5 6 7 8 9 10 11 12 13 14 15 16 17 18 19 20 21 22 23 24 25 26 27 28 29 30 31 32 33 34 35 36 37 38 39 40 41 42
Weight
0


